100,72986,1,0
100,72748,2,0
100,72960,3,0
100,72711,4,0
100,72618,5,0
100,72828,6,0
100,72698,7,0
100,72702,8,0
100,72704,9,0
100,72696,10,0
100,72705,11,0
100,72707,12,0
100,72710,13,0
100,72916,14,0
100,72901,15,0
100,72577,16,0
100,72579,17,0
100,72581,18,0
100,72567,19,0
100,72568,20,0
100,72570,21,0
100,72626,22,0
100,72722,23,0
100,72720,24,0
100,72789,25,0
100,72571,26,0
100,72919,27,0
100,72801,28,0
100,72585,29,0
100,72819,30,0
100,72728,31,0
100,72825,32,0
100,72968,33,0
100,72914,34,0
100,72617,35,0
100,72712,36,0
100,72961,37,0
100,72750,38,1
101,72986,1,0
101,72748,2,0
101,72960,3,0
101,72711,4,0
101,72618,5,0
101,72824,6,0
101,72727,7,0
101,72818,8,0
101,72584,9,0
101,72800,10,0
101,72918,11,0
101,72572,12,0
101,72788,13,0
101,72719,14,0
101,72721,15,0
101,72625,16,0
101,72569,17,0
101,72596,18,0
101,72566,19,0
101,72582,20,0
101,72580,21,0
101,72578,22,0
101,72902,23,0
101,72915,24,0
101,72709,25,0
101,72708,26,0
101,72706,27,0
101,72695,28,0
101,72703,29,0
101,72701,30,0
101,72697,31,0
101,72829,32,0
101,72914,33,0
101,72617,34,0
101,72712,35,0
101,72961,36,0
101,72750,37,1
200,72979,1,0
200,72748,2,0
200,72960,3,0
200,72711,4,0
200,72618,5,0
200,72820,6,0
200,72909,7,0
200,72599,8,0
200,72855,9,0
200,72905,10,0
200,72856,11,0
200,72857,12,0
200,72903,13,0
200,72904,14,0
200,72860,15,0
200,72629,16,0
200,72630,17,0
200,72632,18,0
200,72635,19,0
200,72637,20,0
200,72854,21,0
200,72699,22,0
200,72862,23,0
200,72864,24,0
200,72662,25,0
200,72627,26,0
200,72714,27,0
200,72598,28,0
200,72725,29,0
200,72693,30,0
200,72718,31,0
200,72930,32,0
200,72937,33,0
200,72575,34,0
200,72576,35,0
200,72913,36,1
201,72979,1,0
201,72911,2,0
201,72583,3,0
201,72574,4,0
201,72938,5,0
201,72928,6,0
201,72717,7,0
201,72694,8,0
201,72723,9,0
201,72597,10,0
201,72713,11,0
201,72628,12,0
201,72663,13,0
201,72863,14,0
201,72861,15,0
201,72700,16,0
201,72853,17,0
201,72636,18,0
201,72634,19,0
201,72633,20,0
201,72631,21,0
201,72855,22,0
201,72905,23,0
201,72856,24,0
201,72857,25,0
201,72903,26,0
201,72904,27,0
201,72860,28,0
201,72598,29,0
201,72910,30,0
201,72821,31,0
201,72617,32,0
201,72712,33,0
201,72961,34,0
201,72750,35,1
300,72946,1,0
300,72831,2,0
300,72553,3,0
300,72935,4,0
300,72925,5,0
300,72716,6,0
300,72653,7,0
300,72882,8,0
300,72616,9,0
300,72745,10,0
300,72651,11,0
300,72823,12,0
300,72835,13,0
300,72729,14,0
300,72730,15,0
300,72731,16,0
300,72837,17,0
300,72838,18,0
300,72746,19,0
300,72614,20,0
300,72922,21,0
300,72933,22,0
300,72552,23,0
300,72833,24,1
301,72946,1,0
301,72831,2,0
301,72553,3,0
301,72935,4,0
301,72923,5,0
301,72615,6,0
301,72745,7,0
301,72651,8,0
301,72823,9,0
301,72835,10,0
301,72729,11,0
301,72730,12,0
301,72731,13,0
301,72837,14,0
301,72838,15,0
301,72746,16,0
301,72614,17,0
301,72881,18,0
301,72652,19,0
301,72715,20,0
301,72924,21,0
301,72933,22,0
301,72552,23,0
301,72833,24,1
400,72980,1,0
400,72911,2,0
400,72895,3,0
400,72680,4,0
400,72880,5,0
400,72948,6,0
400,72868,7,0
400,72675,8,0
400,72859,9,0
400,72945,10,0
400,72943,11,0
400,72606,12,0
400,72941,13,0
400,72940,14,0
400,72939,15,0
400,72604,16,0
400,72950,17,0
400,72949,18,0
400,72603,19,0
400,72794,20,0
400,72664,21,0
400,72754,22,0
400,72755,23,0
400,72671,24,0
400,72605,25,0
400,72942,26,0
400,72944,27,0
400,72858,28,0
400,72674,29,0
400,72867,30,0
400,72947,31,0
400,72878,32,0
400,72679,33,0
400,72896,34,0
400,72912,35,1
500,72982,1,0
500,72911,2,0
500,72895,3,0
500,72680,4,0
500,72880,5,0
500,72951,6,0
500,72931,7,0
500,72928,8,0
500,72717,9,0
500,72691,10,0
500,72690,11,0
500,72751,12,0
500,72908,13,0
500,72866,14,0
500,72840,15,0
500,72850,16,0
500,72688,17,0
500,72686,18,0
500,72555,19,0
500,72684,20,0
500,72556,21,0
500,72559,22,0
500,72561,23,0
500,72562,24,0
500,72564,25,0
500,72742,26,0
500,72946,27,1
501,72946,1,0
501,72741,2,0
501,72565,3,0
501,72563,4,0
501,72560,5,0
501,72558,6,0
501,72557,7,0
501,72683,8,0
501,72554,9,0
501,72685,10,0
501,72687,11,0
501,72849,12,0
501,72839,13,0
501,72865,14,0
501,72907,15,0
501,72752,16,0
501,72689,17,0
501,72692,18,0
501,72718,19,0
501,72929,20,0
501,72932,21,0
501,72952,22,0
501,72879,23,0
501,72679,24,0
501,72896,25,0
501,72912,26,0
501,72982,27,1
600,72978,1,0
600,72623,2,0
600,72843,3,0
600,72761,4,0
600,72763,5,0
600,72765,6,0
600,72767,7,0
600,72769,8,0
600,72770,9,0
600,72852,10,0
600,72773,11,0
600,72775,12,0
600,72776,13,0
600,72665,14,0
600,72667,15,0
600,72669,16,0
600,72673,17,0
600,72605,18,0
600,72778,19,0
600,72781,20,0
600,72792,21,0
600,72782,22,0
600,72785,23,0
600,72787,24,0
600,72791,25,0
600,72655,26,0
600,72657,27,0
600,72659,28,0
600,72682,29,0
600,72661,30,0
600,72845,31,0
600,72847,32,0
600,72756,33,0
600,72966,34,0
600,72622,35,1
601,72978,1,0
601,72624,2,0
601,72967,3,0
601,72757,4,0
601,72848,5,0
601,72846,6,0
601,72660,7,0
601,72681,8,0
601,72658,9,0
601,72656,10,0
601,72654,11,0
601,72790,12,0
601,72786,13,0
601,72784,14,0
601,72783,15,0
601,72793,16,0
601,72780,17,0
601,72779,18,0
601,72606,19,0
601,72672,20,0
601,72670,21,0
601,72668,22,0
601,72666,23,0
601,72777,24,0
601,72774,25,0
601,72772,26,0
601,72851,27,0
601,72771,28,0
601,72768,29,0
601,72766,30,0
601,72764,31,0
601,72762,32,0
601,72760,33,0
601,72844,34,0
601,72621,35,1
700,72988,1,0
700,72911,2,0
700,72749,3,0
700,72960,4,0
700,72711,5,0
700,72618,6,0
700,72739,7,0
700,72824,8,0
700,72796,9,0
700,72994,10,0
700,72803,11,0
700,72798,12,0
700,72799,13,0
700,72805,14,0
700,72452,15,0
700,72453,16,0
700,72280,17,1
701,72280,1,0
701,72453,2,0
701,72454,3,0
701,72802,4,0
701,72797,5,0
701,72804,6,0
701,72993,7,0
701,72795,8,0
701,72968,9,0
701,72914,10,0
701,72617,11,0
701,72712,12,0
701,72961,13,0
701,72750,14,0
701,72988,15,1
800,72946,1,0
800,72973,2,0
800,72970,3,0
800,72927,4,0
800,72921,5,0
800,72648,6,0
800,72646,7,0
800,72644,8,0
800,72642,9,0
800,72550,10,0
800,72640,11,0
800,72638,12,0
800,72609,13,0
800,72619,14,0
800,72611,15,0
800,72607,16,0
800,72601,17,1
801,72946,1,0
801,72602,2,0
801,72608,3,0
801,72612,4,0
801,72620,5,0
801,72610,6,0
801,72639,7,0
801,72641,8,0
801,72551,9,0
801,72643,10,0
801,72645,11,0
801,72647,12,0
801,72649,13,0
801,72920,14,0
801,72926,15,0
801,72971,16,0
801,72972,17,1
900,72981,1,0
900,72623,2,0
900,72843,3,0
900,72759,4,0
900,72872,5,0
900,72874,6,0
900,72876,7,0
900,72884,8,0
900,72886,9,0
900,72888,10,0
900,72890,11,0
900,72892,12,0
900,72894,13,0
900,72736,14,0
900,72936,15,0
900,72552,16,0
900,72831,17,0
900,72553,18,0
900,72935,19,0
900,72735,20,0
900,72893,21,0
900,72891,22,0
900,72889,23,0
900,72887,24,0
900,72885,25,0
900,72883,26,0
900,72875,27,0
900,72873,28,0
900,72871,29,0
900,72758,30,0
900,72844,31,0
900,72621,32,1
1000,72988,1,0
1000,72911,2,0
1000,72749,3,0
1000,72960,4,0
1000,72711,5,0
1000,72618,6,0
1000,72739,7,0
1000,72280,8,1
1001,72280,1,0
1001,72968,2,0
1001,72914,3,0
1001,72617,4,0
1001,72712,5,0
1001,72961,6,0
1001,72750,7,0
1001,72988,8,1
1500,72946,1,0
1500,72600,2,0
1500,72738,3,0
1500,72613,4,0
1500,72620,5,0
1500,72610,6,0
1500,72639,7,0
1500,72641,8,0
1500,72551,9,0
1500,72643,10,0
1500,72645,11,0
1500,72647,12,0
1500,72649,13,0
1500,72920,14,0
1500,72926,15,0
1500,72897,16,0
1500,72822,17,0
1500,72650,18,0
1500,72744,19,0
1500,72614,20,0
1500,72922,21,0
1500,72933,22,0
1500,72552,23,0
1500,72832,24,0
1500,72587,25,0
1500,72740,26,0
1500,72565,27,0
1500,72563,28,0
1500,72560,29,0
1500,72558,30,0
1500,72557,31,0
1500,72683,32,0
1500,72554,33,0
1500,72685,34,0
1500,72687,35,0
1500,72849,36,0
1500,72865,37,0
1500,72906,38,0
1500,72752,39,0
1500,72724,40,0
1500,72827,41,0
1500,72821,42,0
1500,72573,43,0
1500,72617,44,0
1500,72712,45,0
1500,72961,46,0
1500,72750,47,0
1500,72982,48,1
1501,72982,1,0
1501,72623,2,0
1501,72621,3,0
1501,72748,4,0
1501,72960,5,0
1501,72711,6,0
1501,72618,7,0
1501,72820,8,0
1501,72826,9,0
1501,72726,10,0
1501,72753,11,0
1501,72908,12,0
1501,72866,13,0
1501,72850,14,0
1501,72688,15,0
1501,72686,16,0
1501,72555,17,0
1501,72684,18,0
1501,72556,19,0
1501,72559,20,0
1501,72561,21,0
1501,72562,22,0
1501,72564,23,0
1501,72742,24,0
1501,72586,25,0
1501,72553,26,0
1501,72934,27,0
1501,72923,28,0
1501,72615,29,0
1501,72745,30,0
1501,72651,31,0
1501,72823,32,0
1501,72898,33,0
1501,72927,34,0
1501,72921,35,0
1501,72648,36,0
1501,72646,37,0
1501,72644,38,0
1501,72642,39,0
1501,72550,40,0
1501,72640,41,0
1501,72638,42,0
1501,72609,43,0
1501,72619,44,0
1501,72611,45,0
1501,72737,46,0
1501,72899,47,0
1501,72946,48,1
2100,72985,1,0
2100,72623,2,0
2100,72843,3,0
2100,72816,4,0
2100,72841,5,0
2100,72593,6,0
2100,72591,7,0
2100,72589,8,0
2100,72595,9,0
2100,72472,10,0
2100,72007,11,0
2100,72014,12,0
2100,72016,13,0
2100,72017,14,0
2100,72018,15,0
2100,72015,16,0
2100,72019,17,0
2100,72000,18,0
2100,72001,19,0
2100,72002,20,0
2100,72003,21,0
2100,72004,22,0
2100,72005,23,0
2100,72006,24,0
2100,72008,25,0
2100,72009,26,0
2100,72010,27,0
2100,72011,28,0
2100,72012,29,0
2100,72977,30,0
2100,72013,31,0
2100,72588,32,0
2100,72590,33,0
2100,72592,34,0
2100,72594,35,0
2100,72842,36,0
2100,72817,37,0
2100,72844,38,0
2100,72621,39,1
3100,72343,1,0
3100,72351,2,0
3100,72309,3,0
3100,72354,4,0
3100,72996,5,0
3100,72356,6,0
3100,72358,7,0
3100,72352,8,0
3100,72318,9,0
3100,72408,10,0
3100,72406,11,0
3100,72403,12,0
3100,72371,13,0
3100,72284,14,0
3100,72319,15,0
3100,72409,16,0
3100,72282,17,0
3100,72286,18,0
3100,72307,19,0
3100,72398,20,0
3100,72311,21,0
3100,72314,22,0
3100,72325,23,0
3100,72333,24,0
3100,72336,25,0
3100,72348,26,0
3100,72340,27,0
3100,72341,28,0
3100,72350,29,0
3100,72310,30,1
3101,72343,1,0
3101,72351,2,0
3101,72309,3,0
3101,72342,4,0
3101,72317,5,0
3101,72349,6,0
3101,72337,7,0
3101,72334,8,0
3101,72324,9,0
3101,72313,10,0
3101,72312,11,0
3101,72399,12,0
3101,72308,13,0
3101,72287,14,0
3101,72283,15,0
3101,72410,16,0
3101,72318,17,0
3101,72285,18,0
3101,72373,19,0
3101,72404,20,0
3101,72405,21,0
3101,72407,22,0
3101,72409,23,0
3101,72359,24,0
3101,72357,25,0
3101,72995,26,0
3101,72355,27,0
3101,72350,28,0
3101,72310,29,1
3300,72343,1,0
3300,72345,2,0
3300,72329,3,0
3300,72290,4,0
3300,72292,5,0
3300,72375,6,0
3300,72326,7,0
3300,72381,8,0
3300,72377,9,0
3300,72293,10,0
3300,72363,11,0
3300,72322,12,0
3300,72331,13,0
3300,72346,14,0
3300,72338,15,0
3300,72366,16,0
3300,72368,17,0
3300,72315,18,0
3300,72402,19,0
3300,72295,20,0
3300,72387,21,0
3300,72384,22,0
3300,72298,23,0
3300,72300,24,0
3300,72302,25,0
3300,72304,26,0
3300,72305,27,0
3300,72392,28,0
3300,72390,29,0
3300,72388,30,0
3300,72394,31,0
3300,72328,32,0
3300,72344,33,1
3301,72343,1,0
3301,72345,2,0
3301,72329,3,0
3301,72395,4,0
3301,72389,5,0
3301,72391,6,0
3301,72393,7,0
3301,72306,8,0
3301,72303,9,0
3301,72301,10,0
3301,72299,11,0
3301,72297,12,0
3301,72383,13,0
3301,72386,14,0
3301,72296,15,0
3301,72401,16,0
3301,72316,17,0
3301,72369,18,0
3301,72367,19,0
3301,72339,20,0
3301,72347,21,0
3301,72330,22,0
3301,72323,23,0
3301,72362,24,0
3301,72294,25,0
3301,72378,26,0
3301,72382,27,0
3301,72327,28,0
3301,72376,29,0
3301,72291,30,0
3301,72288,31,0
3301,72328,32,0
3301,72344,33,1
3500,72946,1,0
3500,72351,2,0
3500,72332,3,0
3500,72335,4,0
3500,72309,5,0
3500,72342,6,0
3500,72317,7,0
3500,72349,8,0
3500,72337,9,0
3500,72334,10,0
3500,72397,11,0
3500,72320,12,0
3500,72285,13,0
3500,72370,14,0
3500,72321,15,0
3500,72362,16,0
3500,72366,17,0
3500,72368,18,0
3500,72315,19,0
3500,72402,20,0
3500,72385,21,0
3500,72364,22,0
3500,72294,23,0
3500,72378,24,0
3500,72382,25,0
3500,72327,26,0
3500,72376,27,0
3500,72291,28,0
3500,72288,29,0
3500,72101,30,0
3500,72042,31,0
3500,72024,32,0
3500,72066,33,0
3500,72070,34,0
3500,72450,35,0
3500,72447,36,0
3500,72449,37,1
3501,72448,1,0
3501,72451,2,0
3501,72071,3,0
3501,72067,4,0
3501,72026,5,0
3501,72043,6,0
3501,72103,7,0
3501,72289,8,0
3501,72292,9,0
3501,72375,10,0
3501,72326,11,0
3501,72381,12,0
3501,72377,13,0
3501,72293,14,0
3501,72363,15,0
3501,72383,16,0
3501,72400,17,0
3501,72316,18,0
3501,72369,19,0
3501,72367,20,0
3501,72365,21,0
3501,72322,22,0
3501,72372,23,0
3501,72284,24,0
3501,72319,25,0
3501,72396,26,0
3501,72333,27,0
3501,72336,28,0
3501,72348,29,0
3501,72340,30,0
3501,72341,31,0
3501,72350,32,0
3501,72332,33,0
3501,72335,34,0
3501,72310,35,0
3501,72946,36,1
4100,9000000,1,0
4100,72039,2,0
4100,72217,3,0
4100,72112,4,0
4100,72110,5,0
4100,72108,6,0
4100,72106,7,0
4100,72034,8,0
4100,72029,9,0
4100,72045,10,0
4100,72021,11,0
4100,72203,12,0
4100,72202,13,0
4100,72200,14,0
4100,72197,15,0
4100,72195,16,0
4100,72159,17,0
4100,72262,18,0
4100,72266,19,0
4100,72268,20,0
4100,72250,21,0
4100,72252,22,0
4100,72253,23,0
4100,72035,24,0
4100,72038,25,1
4101,9000000,1,0
4101,72039,2,0
4101,72217,3,0
4101,72254,4,0
4101,72251,5,0
4101,72249,6,0
4101,72267,7,0
4101,72265,8,0
4101,72261,9,0
4101,72160,10,0
4101,72196,11,0
4101,72198,12,0
4101,72199,13,0
4101,72201,14,0
4101,72204,15,0
4101,72020,16,0
4101,72044,17,0
4101,72030,18,0
4101,72033,19,0
4101,72107,20,0
4101,72109,21,0
4101,72111,22,0
4101,72113,23,0
4101,72035,24,0
4101,72038,25,1
4200,9000000,1,0
4200,72040,2,0
4200,72042,3,0
4200,72024,4,0
4200,72028,5,0
4200,72032,6,0
4200,72114,7,0
4200,72059,8,0
4200,72057,9,0
4200,72054,10,0
4200,72053,11,0
4200,72051,12,0
4200,72047,13,0
4200,72049,14,0
4200,72216,15,0
4200,72214,16,0
4200,72212,17,0
4200,72208,18,0
4200,72205,19,0
4200,72260,20,0
4200,72258,21,0
4200,72115,22,0
4200,72162,23,0
4200,72158,24,0
4200,72379,25,0
4200,72374,26,0
4200,72288,27,0
4200,72097,28,0
4200,72099,29,0
4200,72102,30,0
4200,72037,31,0
4200,72068,32,1
4201,9000000,1,0
4201,72040,2,0
4201,72039,3,0
4201,72105,4,0
4201,72100,5,0
4201,72098,6,0
4201,72289,7,0
4201,72375,8,0
4201,72380,9,0
4201,72157,10,0
4201,72161,11,0
4201,72116,12,0
4201,72257,13,0
4201,72259,14,0
4201,72206,15,0
4201,72207,16,0
4201,72211,17,0
4201,72213,18,0
4201,72215,19,0
4201,72048,20,0
4201,72046,21,0
4201,72050,22,0
4201,72052,23,0
4201,72055,24,0
4201,72056,25,0
4201,72058,26,0
4201,72060,27,0
4201,72031,28,0
4201,72027,29,0
4201,72025,30,0
4201,72043,31,0
4201,72068,32,1
4300,9000000,1,0
4300,72121,2,0
4300,72071,3,0
4300,72072,4,0
4300,72123,5,0
4300,72119,6,0
4300,72022,7,0
4300,72118,8,0
4300,72075,9,0
4300,72077,10,0
4300,72062,11,0
4300,72093,12,0
4300,72079,13,0
4300,72082,14,0
4300,72084,15,0
4300,72086,16,0
4300,72088,17,0
4300,72089,18,0
4300,72218,19,0
4300,72220,20,0
4300,72165,21,0
4300,72167,22,0
4300,72169,23,0
4300,72171,24,0
4300,72256,25,0
4300,72270,26,0
4300,72271,27,0
4300,72273,28,0
4300,72275,29,0
4300,72224,30,0
4300,72221,31,0
4300,72164,32,0
4300,72219,33,0
4300,72277,34,0
4300,72090,35,0
4300,72081,36,0
4300,72078,37,0
4300,72092,38,0
4300,72061,39,0
4300,72064,40,0
4300,72070,41,0
4300,72122,42,1
4301,9000000,1,0
4301,72121,2,0
4301,72071,3,0
4301,72065,4,0
4301,72063,5,0
4301,72093,6,0
4301,72079,7,0
4301,72082,8,0
4301,72091,9,0
4301,72218,10,0
4301,72220,11,0
4301,72165,12,0
4301,72222,13,0
4301,72223,14,0
4301,72276,15,0
4301,72274,16,0
4301,72272,17,0
4301,72269,18,0
4301,72255,19,0
4301,72170,20,0
4301,72168,21,0
4301,72166,22,0
4301,72163,23,0
4301,72219,24,0
4301,72277,25,0
4301,72090,26,0
4301,72087,27,0
4301,72085,28,0
4301,72083,29,0
4301,72080,30,0
4301,72078,31,0
4301,72092,32,0
4301,72061,33,0
4301,72076,34,0
4301,72074,35,0
4301,72117,36,0
4301,72023,37,0
4301,72120,38,0
4301,72124,39,0
4301,72073,40,0
4301,72070,41,0
4301,72122,42,1
4400,72343,1,0
4400,72677,2,0
4400,72975,3,0
4400,71999,4,0
4400,72450,5,0
4400,72447,6,0
4400,72449,7,0
4400,72453,8,1
4401,72453,1,0
4401,72448,2,0
4401,72451,3,0
4401,71998,4,0
4401,72678,5,0
4401,72676,6,0
4401,72343,7,1
4500,72448,1,0
4500,72451,2,0
4500,72953,3,0
4500,72194,4,0
4500,72954,5,0
4500,72255,6,0
4500,72955,7,0
4500,72213,8,0
4500,72215,9,0
4500,72048,10,0
4500,72046,11,0
4500,72050,12,0
4500,72052,13,0
4500,72956,14,0
4500,72109,15,0
4500,72111,16,0
4500,72113,17,0
4500,72035,18,0
4500,72189,19,0
4500,72036,20,0
4500,72038,21,0
4500,72042,22,0
4500,72024,23,0
4500,72066,24,0
4500,72070,25,0
4500,72450,26,0
4500,72447,27,0
4500,72449,28,1
4501,72448,1,0
4501,72451,2,0
4501,72071,3,0
4501,72067,4,0
4501,72026,5,0
4501,72043,6,0
4501,72094,7,0
4501,72190,8,0
4501,72217,9,0
4501,72112,10,0
4501,72110,11,0
4501,72108,12,0
4501,72106,13,0
4501,72957,14,0
4501,72051,15,0
4501,72047,16,0
4501,72049,17,0
4501,72216,18,0
4501,72214,19,0
4501,72212,20,0
4501,72256,21,0
4501,72958,22,0
4501,72969,23,0
4501,72263,24,0
4501,72064,25,0
4501,72450,26,0
4501,72447,27,0
4501,72449,28,1
4600,9000000,1,0
4600,72069,2,0
4600,72039,3,0
4600,72094,4,0
4600,72190,5,0
4600,72217,6,0
4600,72096,7,0
4600,72116,8,0
4600,72188,9,0
4600,72182,10,0
4600,72154,11,0
4600,72246,12,0
4600,72193,13,0
4600,72263,14,0
4600,72226,15,0
4600,72230,16,0
4600,72228,17,0
4600,72130,18,0
4600,72232,19,0
4600,72236,20,0
4600,72125,21,0
4600,72126,22,0
4600,72127,23,0
4600,72172,24,0
4600,72128,25,0
4600,72234,26,0
4600,72231,27,0
4600,72129,28,0
4600,72227,29,0
4600,72229,30,0
4600,72225,31,0
4600,72264,32,0
4600,72194,33,0
4600,72245,34,0
4600,72153,35,0
4600,72181,36,0
4600,72187,37,0
4600,72115,38,0
4600,72095,39,0
4600,72035,40,0
4600,72189,41,0
4600,72036,42,0
4600,72038,43,0
4600,72068,44,1
4700,72235,1,0
4700,72279,2,0
4700,72248,3,0
4700,72238,4,0
4700,72210,5,0
4700,72192,6,0
4700,72150,7,0
4700,72152,8,0
4700,72148,9,0
4700,72146,10,0
4700,72143,11,0
4700,72141,12,0
4700,72139,13,0
4700,72174,14,0
4700,72176,15,0
4700,72177,16,0
4700,72179,17,0
4700,72184,18,0
4700,72134,19,0
4700,72136,20,0
4700,72137,21,0
4700,72185,22,0
4700,72239,23,0
4700,72131,24,0
4700,72241,25,0
4700,72243,26,0
4700,72155,27,1
4701,72233,1,0
4701,72156,2,0
4701,72244,3,0
4701,72242,4,0
4701,72132,5,0
4701,72240,6,0
4701,72186,7,0
4701,72138,8,0
4701,72135,9,0
4701,72133,10,0
4701,72183,11,0
4701,72180,12,0
4701,72178,13,0
4701,72175,14,0
4701,72173,15,0
4701,72140,16,0
4701,72142,17,0
4701,72144,18,0
4701,72145,19,0
4701,72147,20,0
4701,72151,21,0
4701,72149,22,0
4701,72191,23,0
4701,72209,24,0
4701,72237,25,0
4701,72247,26,0
4701,72278,27,1
5100,72983,1,0
5100,72623,2,0
5100,72843,3,0
5100,72540,4,0
5100,72505,5,0
5100,72539,6,0
5100,72549,7,0
5100,72463,8,0
5100,72465,9,0
5100,72466,10,0
5100,72468,11,0
5100,72470,12,0
5100,72475,13,0
5100,72543,14,0
5100,72476,15,0
5100,72545,16,0
5100,72478,17,0
5100,72480,18,0
5100,72482,19,0
5100,72484,20,0
5100,72486,21,0
5100,72488,22,0
5100,72490,23,0
5100,72492,24,0
5100,72494,25,0
5100,72496,26,0
5100,72498,27,0
5100,72500,28,0
5100,72502,29,0
5100,72503,30,0
5100,72508,31,0
5100,72510,32,0
5100,72512,33,0
5100,72513,34,0
5100,72515,35,0
5100,72517,36,0
5100,72520,37,0
5100,72522,38,0
5100,72524,39,0
5100,72526,40,0
5100,72528,41,0
5100,72530,42,0
5100,72532,43,0
5100,72533,44,0
5100,72536,45,0
5100,72537,46,0
5100,72844,47,0
5100,72621,48,1
5101,72983,1,0
5101,72623,2,0
5101,72843,3,0
5101,72538,4,0
5101,72535,5,0
5101,72534,6,0
5101,72531,7,0
5101,72529,8,0
5101,72527,9,0
5101,72525,10,0
5101,72523,11,0
5101,72521,12,0
5101,72519,13,0
5101,72518,14,0
5101,72516,15,0
5101,72514,16,0
5101,72511,17,0
5101,72509,18,0
5101,72507,19,0
5101,72506,20,0
5101,72501,21,0
5101,72499,22,0
5101,72497,23,0
5101,72495,24,0
5101,72493,25,0
5101,72491,26,0
5101,72489,27,0
5101,72487,28,0
5101,72485,29,0
5101,72483,30,0
5101,72481,31,0
5101,72479,32,0
5101,72477,33,0
5101,72544,34,0
5101,72547,35,0
5101,72542,36,0
5101,72474,37,0
5101,72469,38,0
5101,72467,39,0
5101,72459,40,0
5101,72464,41,0
5101,72462,42,0
5101,72548,43,0
5101,72546,44,0
5101,72504,45,0
5101,72541,46,0
5101,72844,47,0
5101,72621,48,1
6100,72984,1,0
6100,72460,2,0
6100,72471,3,0
6100,72814,4,0
6100,72811,5,0
6100,72809,6,0
6100,72815,7,0
6100,72806,8,0
6100,72412,9,0
6100,72444,10,0
6100,72442,11,0
6100,72440,12,0
6100,72431,13,0
6100,72437,14,0
6100,72436,15,0
6100,72435,16,0
6100,72434,17,0
6100,72433,18,0
6100,72438,19,0
6100,72432,20,0
6100,72430,21,0
6100,72428,22,0
6100,72426,23,0
6100,72416,24,0
6100,72423,25,0
6100,72421,26,0
6100,72420,27,0
6100,72446,28,0
6100,72414,29,0
6100,72411,30,0
6100,72807,31,0
6100,72808,32,0
6100,72810,33,0
6100,72812,34,0
6100,72813,35,0
6100,72473,36,0
6100,72461,37,0
6100,72844,38,0
6100,72621,39,1
6101,72984,1,0
6101,72460,2,0
6101,72471,3,0
6101,72814,4,0
6101,72811,5,0
6101,72809,6,0
6101,72815,7,0
6101,72806,8,0
6101,72412,9,0
6101,72413,10,0
6101,72445,11,0
6101,72419,12,0
6101,72422,13,0
6101,72424,14,0
6101,72415,15,0
6101,72425,16,0
6101,72427,17,0
6101,72429,18,0
6101,72431,19,0
6101,72437,20,0
6101,72436,21,0
6101,72435,22,0
6101,72434,23,0
6101,72433,24,0
6101,72438,25,0
6101,72432,26,0
6101,72439,27,0
6101,72441,28,0
6101,72443,29,0
6101,72411,30,0
6101,72807,31,0
6101,72808,32,0
6101,72810,33,0
6101,72812,34,0
6101,72813,35,0
6101,72473,36,0
6101,72461,37,0
6101,72844,38,0
6101,72621,39,1
9100,72987,1,0
9100,72946,2,0
9100,72990,3,0
9100,72991,4,0
9100,72280,5,0
9100,72344,7,0
9100,72040,8,1
9101,72987,1,0
9101,72281,2,0
9101,72992,3,0
9101,72990,4,0
9101,72998,5,0
9101,72343,6,0
9101,72946,7,1
11500,72917,1,0
11500,72738,2,0
11500,72613,3,0
11500,72620,4,0
11500,72610,5,0
11500,72639,6,0
11500,72641,7,0
11500,72551,8,0
11500,72643,9,0
11500,72645,10,0
11500,72647,11,0
11500,72649,12,0
11500,72920,13,0
11500,72926,14,0
11500,72897,15,0
11500,72822,16,0
11500,72650,17,0
11500,72744,18,0
11500,72614,19,0
11500,72922,20,0
11500,72933,21,0
11500,72552,22,0
11500,72833,23,0
11500,72587,24,0
11500,72740,25,0
11500,72565,26,0
11500,72563,27,0
11500,72560,28,0
11500,72558,29,0
11500,72557,30,0
11500,72683,31,0
11500,72554,32,0
11500,72685,33,0
11500,72687,34,0
11500,72849,35,0
11500,72865,36,0
11500,72906,37,0
11500,72752,38,0
11500,72724,39,0
11500,72827,40,0
11500,72821,41,0
11500,72573,42,0
11500,72617,43,0
11500,72712,44,0
11500,72961,45,0
11500,72750,46,0
11500,72982,47,1
11501,72982,1,0
11501,72623,2,0
11501,72621,3,0
11501,72748,4,0
11501,72960,5,0
11501,72711,6,0
11501,72618,7,0
11501,72820,8,0
11501,72826,9,0
11501,72726,10,0
11501,72753,11,0
11501,72908,12,0
11501,72866,13,0
11501,72850,14,0
11501,72688,15,0
11501,72686,16,0
11501,72555,17,0
11501,72684,18,0
11501,72556,19,0
11501,72559,20,0
11501,72561,21,0
11501,72562,22,0
11501,72564,23,0
11501,72742,24,0
11501,72586,25,0
11501,72553,26,0
11501,72934,27,0
11501,72923,28,0
11501,72615,29,0
11501,72745,30,0
11501,72651,31,0
11501,72823,32,0
11501,72898,33,0
11501,72927,34,0
11501,72921,35,0
11501,72648,36,0
11501,72646,37,0
11501,72644,38,0
11501,72642,39,0
11501,72550,40,0
11501,72640,41,0
11501,72638,42,0
11501,72609,43,0
11501,72619,44,0
11501,72611,45,0
11501,72737,46,0
11501,72600,47,0
11501,72917,48,1
33500,72917,1,0
33500,72343,2,0
33500,72351,3,0
33500,72332,4,0
33500,72335,5,0
33500,72309,6,0
33500,72342,7,0
33500,72317,8,0
33500,72349,9,0
33500,72337,10,0
33500,72334,11,0
33500,72397,12,0
33500,72320,13,0
33500,72285,14,0
33500,72370,15,0
33500,72321,16,0
33500,72362,17,0
33500,72366,18,0
33500,72368,19,0
33500,72315,20,0
33500,72402,21,0
33500,72385,22,0
33500,72364,23,0
33500,72294,24,0
33500,72378,25,0
33500,72382,26,0
33500,72327,27,0
33500,72376,28,0
33500,72291,29,0
33500,72288,30,0
33500,72104,31,0
33500,72042,32,0
33500,72024,33,0
33500,72066,34,0
33500,72070,35,0
33500,72450,36,0
33500,72447,37,0
33500,72449,38,1
33501,72448,1,0
33501,72451,2,0
33501,72071,3,0
33501,72067,4,0
33501,72026,5,0
33501,72043,6,0
33501,72103,7,0
33501,72290,8,0
33501,72292,9,0
33501,72375,10,0
33501,72326,11,0
33501,72381,12,0
33501,72377,13,0
33501,72293,14,0
33501,72363,15,0
33501,72383,16,0
33501,72400,17,0
33501,72316,18,0
33501,72369,19,0
33501,72367,20,0
33501,72365,21,0
33501,72322,22,0
33501,72372,23,0
33501,72284,24,0
33501,72319,25,0
33501,72396,26,0
33501,72333,27,0
33501,72336,28,0
33501,72348,29,0
33501,72340,30,0
33501,72341,31,0
33501,72350,32,0
33501,72332,33,0
33501,72335,34,0
33501,72310,35,0
33501,72343,36,0
33501,72917,37,1
94200,72040,1,0
94200,9000000,2,1
94201,9000000,1,0
94201,72040,2,1
100004000,72989,1,0
100004000,72618,2,0
100004000,72455,3,0
100004000,72457,4,1
100004001,72458,1,0
100004001,72456,2,0
100004001,72968,3,0
100004001,72617,4,0
100004001,72989,5,1
2000000100,72828,1,0
2000000100,72698,2,0
2000000100,72702,3,0
2000000100,72704,4,0
2000000100,72696,5,0
2000000100,72705,6,0
2000000100,72707,7,0
2000000100,72710,8,0
2000000100,72916,9,0
2000000100,72901,10,0
2000000100,72577,11,0
2000000100,72579,12,0
2000000100,72581,13,0
2000000100,72567,14,0
2000000100,72568,15,0
2000000100,72570,16,0
2000000100,72626,17,0
2000000100,72722,18,0
2000000100,72720,19,0
2000000100,72789,20,0
2000000100,72571,21,0
2000000100,72919,22,0
2000000100,72801,23,0
2000000100,72585,24,0
2000000100,72819,25,0
2000000100,72728,26,0
2000000100,72825,27,0
2000000100,72968,28,0
2000000100,72914,29,0
2000000100,72617,30,0
2000000100,72712,31,0
2000000100,72961,32,0
2000000100,72750,33,0
2000000100,72986,34,1
2000000101,72986,1,0
2000000101,72748,2,0
2000000101,72960,3,0
2000000101,72711,4,0
2000000101,72618,5,0
2000000101,72824,6,0
2000000101,72727,7,0
2000000101,72818,8,0
2000000101,72584,9,0
2000000101,72800,10,0
2000000101,72918,11,0
2000000101,72572,12,0
2000000101,72788,13,0
2000000101,72719,14,0
2000000101,72721,15,0
2000000101,72625,16,0
2000000101,72569,17,0
2000000101,72596,18,0
2000000101,72566,19,0
2000000101,72582,20,0
2000000101,72580,21,0
2000000101,72578,22,0
2000000101,72902,23,0
2000000101,72915,24,0
2000000101,72709,25,0
2000000101,72708,26,0
2000000101,72706,27,0
2000000101,72695,28,0
2000000101,72703,29,0
2000000101,72701,30,0
2000000101,72697,31,0
2000000101,72829,32,1
2000000200,72979,1,0
2000000200,72748,2,0
2000000200,72960,3,0
2000000200,72711,4,0
2000000200,72618,5,0
2000000200,72820,6,0
2000000200,72909,7,0
2000000200,72599,8,0
2000000200,72855,9,0
2000000200,72905,10,0
2000000200,72856,11,0
2000000200,72857,12,0
2000000200,72903,13,0
2000000200,72904,14,0
2000000200,72860,15,0
2000000200,72629,16,0
2000000200,72630,17,0
2000000200,72632,18,0
2000000200,72635,19,0
2000000200,72637,20,0
2000000200,72854,21,0
2000000200,72699,22,0
2000000200,72862,23,0
2000000200,72864,24,0
2000000200,72662,25,0
2000000200,72627,26,0
2000000200,72714,27,0
2000000200,72598,28,0
2000000200,72725,29,0
2000000200,72693,30,0
2000000200,72718,31,0
2000000200,72930,32,0
2000000200,72937,33,0
2000000200,72575,34,1
2000000201,72574,1,0
2000000201,72938,2,0
2000000201,72928,3,0
2000000201,72717,4,0
2000000201,72694,5,0
2000000201,72723,6,0
2000000201,72597,7,0
2000000201,72713,8,0
2000000201,72628,9,0
2000000201,72663,10,0
2000000201,72863,11,0
2000000201,72861,12,0
2000000201,72700,13,0
2000000201,72853,14,0
2000000201,72636,15,0
2000000201,72634,16,0
2000000201,72633,17,0
2000000201,72631,18,0
2000000201,72855,19,0
2000000201,72905,20,0
2000000201,72856,21,0
2000000201,72857,22,0
2000000201,72903,23,0
2000000201,72904,24,0
2000000201,72860,25,0
2000000201,72598,26,0
2000000201,72910,27,0
2000000201,72821,28,0
2000000201,72617,29,0
2000000201,72712,30,0
2000000201,72961,31,0
2000000201,72750,32,0
2000000201,72979,33,1
2000000300,72946,1,0
2000000300,72831,2,0
2000000300,72553,3,0
2000000300,72935,4,0
2000000300,72925,5,0
2000000300,72716,6,0
2000000300,72653,7,0
2000000300,72882,8,0
2000000300,72616,9,0
2000000300,72745,10,0
2000000300,72651,11,0
2000000300,72823,12,0
2000000300,72835,13,0
2000000300,72729,14,0
2000000300,72730,15,0
2000000300,72731,16,0
2000000300,72837,17,0
2000000300,72838,18,0
2000000300,72746,19,0
2000000300,72614,20,0
2000000300,72922,21,0
2000000300,72933,22,0
2000000300,72552,23,0
2000000300,72833,24,0
2000000300,72602,25,0
2000000300,72608,26,0
2000000300,72612,27,0
2000000300,72620,28,0
2000000300,72610,29,0
2000000300,72639,30,0
2000000300,72641,31,0
2000000300,72551,32,0
2000000300,72643,33,0
2000000300,72645,34,0
2000000300,72647,35,0
2000000300,72649,36,0
2000000300,72920,37,0
2000000300,72926,38,1
2000000301,72927,1,0
2000000301,72921,2,0
2000000301,72648,3,0
2000000301,72646,4,0
2000000301,72644,5,0
2000000301,72642,6,0
2000000301,72550,7,0
2000000301,72640,8,0
2000000301,72638,9,0
2000000301,72609,10,0
2000000301,72619,11,0
2000000301,72611,12,0
2000000301,72607,13,0
2000000301,72601,14,0
2000000301,72831,15,0
2000000301,72553,16,0
2000000301,72935,17,0
2000000301,72923,18,0
2000000301,72615,19,0
2000000301,72745,20,0
2000000301,72651,21,0
2000000301,72823,22,0
2000000301,72835,23,0
2000000301,72729,24,0
2000000301,72730,25,0
2000000301,72731,26,0
2000000301,72837,27,0
2000000301,72838,28,0
2000000301,72746,29,0
2000000301,72614,30,0
2000000301,72881,31,0
2000000301,72652,32,0
2000000301,72715,33,0
2000000301,72924,34,0
2000000301,72933,35,0
2000000301,72552,36,0
2000000301,72833,37,0
2000000301,72946,38,1
2000000500,72982,1,0
2000000500,72911,2,0
2000000500,72895,3,0
2000000500,72680,4,0
2000000500,72880,5,0
2000000500,72951,6,0
2000000500,72931,7,0
2000000500,72928,8,0
2000000500,72717,9,0
2000000500,72691,10,0
2000000500,72690,11,0
2000000500,72751,12,0
2000000500,72908,13,0
2000000500,72866,14,0
2000000500,72840,15,0
2000000500,72850,16,0
2000000500,72688,17,0
2000000500,72686,18,0
2000000500,72555,19,0
2000000500,72684,20,0
2000000500,72556,21,0
2000000500,72559,22,0
2000000500,72561,23,0
2000000500,72562,24,0
2000000500,72564,25,0
2000000500,72742,26,0
2000000500,72946,27,1
2000000501,72946,1,0
2000000501,72741,2,0
2000000501,72565,3,0
2000000501,72563,4,0
2000000501,72560,5,0
2000000501,72558,6,0
2000000501,72557,7,0
2000000501,72683,8,0
2000000501,72554,9,0
2000000501,72685,10,0
2000000501,72687,11,0
2000000501,72849,12,0
2000000501,72839,13,0
2000000501,72865,14,0
2000000501,72907,15,0
2000000501,72752,16,0
2000000501,72689,17,0
2000000501,72692,18,0
2000000501,72718,19,0
2000000501,72929,20,0
2000000501,72932,21,0
2000000501,72952,22,0
2000000501,72879,23,0
2000000501,72679,24,0
2000000501,72896,25,0
2000000501,72912,26,0
2000000501,72982,27,1
2000000600,72761,1,0
2000000600,72763,2,0
2000000600,72765,3,0
2000000600,72767,4,0
2000000600,72769,5,0
2000000600,72770,6,0
2000000600,72852,7,0
2000000600,72773,8,0
2000000600,72775,9,0
2000000600,72776,10,0
2000000600,72754,11,0
2000000600,72755,12,0
2000000600,72671,13,0
2000000600,72605,14,0
2000000600,72778,15,0
2000000600,72781,16,0
2000000600,72792,17,0
2000000600,72782,18,0
2000000600,72785,19,0
2000000600,72787,20,0
2000000600,72791,21,0
2000000600,72655,22,0
2000000600,72657,23,0
2000000600,72659,24,0
2000000600,72682,25,0
2000000600,72661,26,0
2000000600,72845,27,0
2000000600,72847,28,0
2000000600,72756,29,0
2000000600,72966,30,0
2000000600,72622,31,0
2000000600,72978,32,1
2000000601,72978,1,0
2000000601,72624,2,0
2000000601,72967,3,0
2000000601,72757,4,0
2000000601,72848,5,0
2000000601,72846,6,0
2000000601,72660,7,0
2000000601,72681,8,0
2000000601,72658,9,0
2000000601,72656,10,0
2000000601,72654,11,0
2000000601,72790,12,0
2000000601,72786,13,0
2000000601,72784,14,0
2000000601,72783,15,0
2000000601,72793,16,0
2000000601,72780,17,0
2000000601,72779,18,0
2000000601,72606,19,0
2000000601,72941,20,0
2000000601,72940,21,0
2000000601,72939,22,0
2000000601,72604,23,0
2000000601,72664,24,0
2000000601,72777,25,0
2000000601,72774,26,0
2000000601,72772,27,0
2000000601,72851,28,0
2000000601,72771,29,0
2000000601,72768,30,0
2000000601,72766,31,0
2000000601,72764,32,0
2000000601,72762,33,0
2000000601,72760,34,1
2000000900,72981,1,0
2000000900,72623,2,0
2000000900,72843,3,0
2000000900,72759,4,0
2000000900,72872,5,0
2000000900,72874,6,0
2000000900,72876,7,0
2000000900,72884,8,0
2000000900,72886,9,0
2000000900,72888,10,0
2000000900,72890,11,0
2000000900,72892,12,0
2000000900,72894,13,0
2000000900,72736,14,0
2000000900,72936,15,0
2000000900,72552,16,0
2000000900,72831,17,0
2000000900,72553,18,0
2000000900,72935,19,0
2000000900,72735,20,0
2000000900,72893,21,0
2000000900,72891,22,0
2000000900,72889,23,0
2000000900,72887,24,0
2000000900,72885,25,0
2000000900,72883,26,0
2000000900,72875,27,0
2000000900,72873,28,0
2000000900,72871,29,0
2000000900,72758,30,0
2000000900,72844,31,0
2000000900,72621,32,1
2000003100,72354,1,0
2000003100,72996,2,0
2000003100,72356,3,0
2000003100,72962,4,0
2000003100,72358,5,0
2000003100,72352,6,0
2000003100,72318,7,0
2000003100,72285,8,0
2000003100,72373,9,0
2000003100,72321,10,0
2000003100,72362,11,0
2000003100,72366,12,0
2000003100,72336,13,0
2000003100,72348,14,0
2000003100,72340,15,0
2000003100,72341,16,0
2000003100,72350,17,0
2000003100,72310,18,0
2000003100,72343,19,1
2000003101,72343,1,0
2000003101,72351,2,0
2000003101,72309,3,0
2000003101,72342,4,0
2000003101,72317,5,0
2000003101,72349,6,0
2000003101,72337,7,0
2000003101,72334,8,0
2000003101,72339,9,0
2000003101,72365,10,0
2000003101,72322,11,0
2000003101,72372,12,0
2000003101,72284,13,0
2000003101,72319,14,0
2000003101,72409,15,0
2000003101,72359,16,0
2000003101,72963,17,0
2000003101,72357,18,0
2000003101,72995,19,0
2000003101,72355,20,1
2000004600,72234,1,0
2000004600,72231,2,0
2000004600,72129,3,0
2000004600,72227,4,0
2000004600,72229,5,0
2000004600,72225,6,0
2000004600,72264,7,0
2000004600,72194,8,0
2000004600,72954,9,0
2000004600,72255,10,0
2000004600,72955,11,0
2000004600,72213,12,0
2000004600,72215,13,0
2000004600,72048,14,0
2000004600,72046,15,0
2000004600,72050,16,0
2000004600,72052,17,0
2000004600,72055,18,0
2000004600,72056,19,0
2000004600,72189,20,0
2000004600,72036,21,0
2000004600,72038,22,0
2000004600,72024,23,0
2000004600,72066,24,0
2000004600,72073,25,0
2000004600,72070,26,0
2000004600,72122,27,0
2000004600,9000000,28,1
2000004601,9000000,1,0
2000004601,72121,2,0
2000004601,72071,3,0
2000004601,72067,4,0
2000004601,72026,5,0
2000004601,72043,6,0
2000004601,72094,7,0
2000004601,72190,8,0
2000004601,72217,9,0
2000004601,72054,10,0
2000004601,72053,11,0
2000004601,72051,12,0
2000004601,72047,13,0
2000004601,72049,14,0
2000004601,72216,15,0
2000004601,72214,16,0
2000004601,72212,17,0
2000004601,72256,18,0
2000004601,72958,19,0
2000004601,72969,20,0
2000004601,72263,21,0
2000004601,72226,22,0
2000004601,72230,23,0
2000004601,72228,24,0
2000004601,72130,25,0
2000004601,72232,26,0
2000004601,72236,27,1
