'PI-H23-PIGTFS-Semaine-01',500,55900,,'',0,6600,,'',0,1000,,'',0,7000,,'',0,2100,,'',0,2200,,'',0,6100,,'',0,81300,,'',0,1800,,'',0,6300,,'',0,3100,,'',0,2100,,'',0,5300,,'',0,2400,,'',0,1900,,'',0,6500,,'',0
'PI-H23-PIGTFS-Semaine-01',501,55600,4,'',0,6400,4,'',0,1500,4,'',0,6900,4,'',0,2000,4,'',0,1600,4,'',0,6500,4,'',0,3100,4,'',0,79300,4,'',0,7300,4,'',0,2100,4,'',0,1700,4,'',0,6800,4,'',0,2200,4,'',0,1300,4,'',0,6200,4,'',0,2000,4,'',0
'PI-H23-PIGTFS-Semaine-01',1500,85700,4,'',0,15800,4,'',0,12200,4,'',0,16500,4,'',0,12200,4,'',0,12300,4,'',0,39500,4,'',0,16500,4,'',0,12500,4,'',0,12500,4,'',0
'PI-H23-PIGTFS-Semaine-01',1501,90000,,'',0,12000,,'',0,12000,,'',0,16500,,'',0,12200,,'',0,12300,,'',0,39500,,'',0,16500,,'',0,12500,,'',0,16500,,'',0
'PI-H23-PIGTFS-Dimanche-01',11500,75200,4,'',0,10000,4,'',0,16700,4,'',0,13300,4,'',0,16200,4,'',0,12500,4,'',0,17500,4,'',0,12000,4,'',0,12000,4,'',0,16500,4,'',0,12000,4,'',0
'PI-H23-PIGTFS-Dimanche-01',11501,75500,,'',0,14500,,'',0,13700,,'',0,11800,,'',0,16500,,'',0,12000,,'',0,18000,,'',0,12000,,'',0,16000,,'',0,12200,,'',0,12000,,'',0
'PI-H23-PIGTFS-Fête-1-01',11500,65200,4,'',0,10000,4,'',0,10000,4,'',0,16700,4,'',0,13300,4,'',0,16200,4,'',0,12500,4,'',0,17500,4,'',0,12000,4,'',0,12000,4,'',0,16500,4,'',0,12000,4,'',0
'PI-H23-PIGTFS-Fête-1-01',11501,65500,,'',0,10000,,'',0,14500,,'',0,13700,,'',0,11800,,'',0,16500,,'',0,12000,,'',0,18000,,'',0,12000,,'',0,16000,,'',0,12200,,'',0,12000,,'',0
'PI-H23-PIGTFS-Samedi-01',11500,65200,4,'',0,10000,4,'',0,10000,4,'',0,16700,4,'',0,13300,4,'',0,16200,4,'',0,12500,4,'',0,17500,4,'',0,12000,4,'',0,12000,4,'',0,16500,4,'',0,12000,4,'',0
'PI-H23-PIGTFS-Samedi-01',11501,65500,,'',0,10000,,'',0,14500,,'',0,13700,,'',0,11800,,'',0,16500,,'',0,12000,,'',0,18000,,'',0,12000,,'',0,16000,,'',0,12200,,'',0,12000,,'',0
'PI-H23-PIGTFS-Semaine-01',2000000500,105500,,'',0
'PI-H23-PIGTFS-Semaine-01',2000000501,134700,4,'',0
