'PI-A23-PIGTFS-Semaine-04',700,60600,0,'John-Abbott',0,10000,0,'John-Abbott',0,2000,0,'John-Abbott',0,1600,0,'John-Abbott',0,600,,'',0,6400,0,'John-Abbott',0,2800,0,'John-Abbott',0,6400,0,'John-Abbott',0,2100,0,'John-Abbott',0,2500,,'',0,6800,,'',0,8200,,'',0,4000,,'',0,8400,,'',0,8100,,'',0,4500,,'',0,7700,,'',0,10300,0,'John-Abbott',0,2000,,'',0,15000,0,'John-Abbott',0,24500,,'',0
'PI-A23-PIGTFS-Semaine-04',701,65200,4,'',0,9400,4,'',0,6300,4,'',0,1700,4,'',0,2900,4,'',0,6600,4,'',0,2500,4,'',0,6500,4,'',0,12600,4,'',0,8400,4,'',0,3800,4,'',0,8400,4,'',0,8100,4,'',0,8500,4,'',0,3700,4,'',0,7200,4,'',0,1400,4,'',0,2000,4,'',0,6000,4,'',0,4000,4,'',0,7300,4,'',0,8400,4,'',0,3000,4,'',0,16200,4,'',0
'PI-A23-PIGTFS-Semaine-05',700,60600,0,'John-Abbott',0,10000,0,'John-Abbott',0,2000,0,'John-Abbott',0,1600,0,'John-Abbott',0,600,,'',0,6400,0,'John-Abbott',0,2800,0,'John-Abbott',0,6400,0,'John-Abbott',0,2100,0,'John-Abbott',0,2500,,'',0,6800,,'',0,8200,,'',0,4000,,'',0,8400,,'',0,8100,,'',0,4500,,'',0,7700,,'',0,10300,0,'John-Abbott',0,2000,,'',0,15000,0,'John-Abbott',0,24500,,'',0
'PI-A23-PIGTFS-Semaine-05',701,65200,4,'',0,9400,4,'',0,6300,4,'',0,1700,4,'',0,2900,4,'',0,6600,4,'',0,2500,4,'',0,6500,4,'',0,12600,4,'',0,8400,4,'',0,3800,4,'',0,8400,4,'',0,8100,4,'',0,8500,4,'',0,3700,4,'',0,7200,4,'',0,1400,4,'',0,2000,4,'',0,6000,4,'',0,4000,4,'',0,7300,4,'',0,8400,4,'',0,3000,4,'',0,16200,4,'',0
'PI-A23-PIGTFS-Fête-2-02',1000,64000,,'',0,10000,,'',0,16500,,'',0,11500,,'',0,12000,,'',0,16000,,'',0,12000,,'',0,13000,,'',0,10500,,'',0,9500,,'',0,8500,,'',0,11500,,'',0
'PI-A23-PIGTFS-Fête-2-02',1001,73300,4,'',0,12000,4,'',0,16000,4,'',0,12000,4,'',0,11600,4,'',0,16000,4,'',0,13500,4,'',0,10500,4,'',0,10400,4,'',0,9400,4,'',0,9300,4,'',0,11700,4,'',0
'PI-A23-PIGTFS-Semaine-04',1000,64000,,'',0,26600,,'',0,61000,,'',0,10900,,'',0,9000,,'',0,8500,,'',0,3200,,'',0
'PI-A23-PIGTFS-Semaine-04',1001,73300,4,'',0,12500,4,'',0,10000,4,'',0,10000,4,'',0,55200,4,'',0,11800,4,'',0
'PI-A23-PIGTFS-Semaine-05',1000,64000,,'',0,26600,,'',0,61000,,'',0,10900,,'',0,9000,,'',0,8500,,'',0,3200,,'',0
'PI-A23-PIGTFS-Semaine-05',1001,73300,4,'',0,12500,4,'',0,10000,4,'',0,10000,4,'',0,55200,4,'',0,11800,4,'',0
