100,72975,1,0
100,72748,2,0
100,72900,3,0
100,72960,4,0
100,72711,5,0
100,72618,6,0
100,72828,7,0
100,72698,8,0
100,72702,9,0
100,72704,10,0
100,72696,11,0
100,72705,12,0
100,72707,13,0
100,72710,14,0
100,72916,15,0
100,72901,16,0
100,72577,17,0
100,72579,18,0
100,72581,19,0
100,72567,20,0
100,72568,21,0
100,72570,22,0
100,72626,23,0
100,72722,24,0
100,72720,25,0
100,72789,26,0
100,72571,27,0
100,72919,28,0
100,72801,29,0
100,72585,30,0
100,72819,31,0
100,72728,32,0
100,72825,33,0
100,72968,34,0
100,72914,35,0
100,72617,36,0
100,72712,37,0
100,72961,38,0
100,72750,39,1
101,72975,1,0
101,72900,2,0
101,72748,3,0
101,72960,4,0
101,72711,5,0
101,72618,6,0
101,72824,7,0
101,72727,8,0
101,72818,9,0
101,72584,10,0
101,72800,11,0
101,72918,12,0
101,72572,13,0
101,72788,14,0
101,72719,15,0
101,72721,16,0
101,72625,17,0
101,72569,18,0
101,72596,19,0
101,72566,20,0
101,72582,21,0
101,72580,22,0
101,72578,23,0
101,72902,24,0
101,72915,25,0
101,72709,26,0
101,72708,27,0
101,72706,28,0
101,72695,29,0
101,72703,30,0
101,72701,31,0
101,72697,32,0
101,72829,33,0
101,72914,34,0
101,72617,35,0
101,72712,36,0
101,72961,37,0
101,72750,38,1
200,72975,1,0
200,72900,2,0
200,72748,3,0
200,72960,4,0
200,72711,5,0
200,72618,6,0
200,72820,7,0
200,72909,8,0
200,72599,9,0
200,72855,10,0
200,72905,11,0
200,72856,12,0
200,72857,13,0
200,72903,14,0
200,72904,15,0
200,72860,16,0
200,72629,17,0
200,72630,18,0
200,72632,19,0
200,72635,20,0
200,72637,21,0
200,72854,22,0
200,72699,23,0
200,72862,24,0
200,72864,25,0
200,72662,26,0
200,72627,27,0
200,72714,28,0
200,72598,29,0
200,72725,30,0
200,72693,31,0
200,72718,32,0
200,72930,33,0
200,72937,34,0
200,72575,35,0
200,72576,36,0
200,72913,37,1
201,72975,1,0
201,72900,2,0
201,72911,3,0
201,72583,4,0
201,72574,5,0
201,72938,6,0
201,72928,7,0
201,72717,8,0
201,72694,9,0
201,72723,10,0
201,72597,11,0
201,72713,12,0
201,72628,13,0
201,72663,14,0
201,72863,15,0
201,72861,16,0
201,72700,17,0
201,72853,18,0
201,72636,19,0
201,72634,20,0
201,72633,21,0
201,72631,22,0
201,72855,23,0
201,72905,24,0
201,72856,25,0
201,72857,26,0
201,72903,27,0
201,72904,28,0
201,72860,29,0
201,72598,30,0
201,72910,31,0
201,72821,32,0
201,72617,33,0
201,72712,34,0
201,72961,35,0
201,72750,36,1
300,72946,1,0
300,72830,2,0
300,72553,3,0
300,72935,4,0
300,72735,5,0
300,72733,6,0
300,72925,7,0
300,72716,8,0
300,72653,9,0
300,72882,10,0
300,72616,11,0
300,72745,12,0
300,72651,13,0
300,72834,14,0
300,72835,15,0
300,72729,16,0
300,72730,17,0
300,72731,18,0
300,72837,19,0
300,72838,20,0
300,72746,21,0
300,72614,22,0
300,72922,23,0
300,72933,24,0
300,72552,25,0
300,72833,26,1
301,72946,1,0
301,72830,2,0
301,72553,3,0
301,72935,4,0
301,72923,5,0
301,72615,6,0
301,72745,7,0
301,72651,8,0
301,72834,9,0
301,72835,10,0
301,72729,11,0
301,72730,12,0
301,72731,13,0
301,72837,14,0
301,72838,15,0
301,72746,16,0
301,72614,17,0
301,72881,18,0
301,72652,19,0
301,72715,20,0
301,72924,21,0
301,72732,22,0
301,72734,23,0
301,72936,24,0
301,72552,25,0
301,72833,26,1
400,72606,1,0
400,72941,2,0
400,72940,3,0
400,72939,4,0
400,72604,5,0
400,72950,6,0
400,72949,7,0
400,72603,8,0
400,72794,9,0
400,72664,10,0
400,72754,11,0
400,72755,12,0
400,72671,13,0
400,72605,14,0
400,72942,15,0
400,72944,16,0
400,72858,17,0
400,72674,18,0
400,72867,19,0
400,72676,20,0
400,72677,21,0
400,72678,22,0
400,72947,23,0
400,72878,24,0
400,72679,25,0
400,72896,26,0
400,72912,27,0
400,72975,28,0
400,72900,29,1
401,72900,1,0
401,72975,2,0
401,72911,3,0
401,72895,4,0
401,72680,5,0
401,72880,6,0
401,72948,7,0
401,72868,8,0
401,72675,9,0
401,72859,10,0
401,72945,11,0
401,72943,12,0
401,72606,13,1
500,72900,1,0
500,72975,2,0
500,72911,3,0
500,72877,4,0
500,72951,5,0
500,72931,6,0
500,72928,7,0
500,72717,8,0
500,72691,9,0
500,72690,10,0
500,72751,11,0
500,72908,12,0
500,72866,13,0
500,72840,14,0
500,72850,15,0
500,72688,16,0
500,72686,17,0
500,72555,18,0
500,72684,19,0
500,72556,20,0
500,72559,21,0
500,72561,22,0
500,72562,23,0
500,72564,24,0
500,72742,25,0
500,72946,26,1
501,72946,1,0
501,72741,2,0
501,72565,3,0
501,72563,4,0
501,72560,5,0
501,72558,6,0
501,72557,7,0
501,72683,8,0
501,72554,9,0
501,72685,10,0
501,72687,11,0
501,72849,12,0
501,72839,13,0
501,72865,14,0
501,72907,15,0
501,72752,16,0
501,72689,17,0
501,72692,18,0
501,72718,19,0
501,72929,20,0
501,72932,21,0
501,72952,22,0
501,72879,23,0
501,72912,24,0
501,72975,25,0
501,72900,26,1
600,72900,1,0
600,72975,2,0
600,72623,3,0
600,72843,4,0
600,72761,5,0
600,72763,6,0
600,72765,7,0
600,72767,8,0
600,72769,9,0
600,72770,10,0
600,72852,11,0
600,72773,12,0
600,72775,13,0
600,72776,14,0
600,72665,15,0
600,72667,16,0
600,72669,17,0
600,72673,18,0
600,72605,19,0
600,72778,20,0
600,72781,21,0
600,72792,22,0
600,72782,23,0
600,72785,24,0
600,72787,25,0
600,72791,26,0
600,72655,27,0
600,72657,28,0
600,72659,29,0
600,72682,30,0
600,72661,31,0
600,72845,32,0
600,72847,33,0
600,72756,34,0
600,72966,35,0
600,72622,36,1
601,72900,1,0
601,72975,2,0
601,72624,3,0
601,72967,4,0
601,72757,5,0
601,72848,6,0
601,72846,7,0
601,72660,8,0
601,72681,9,0
601,72658,10,0
601,72656,11,0
601,72654,12,0
601,72790,13,0
601,72786,14,0
601,72784,15,0
601,72783,16,0
601,72793,17,0
601,72780,18,0
601,72779,19,0
601,72606,20,0
601,72672,21,0
601,72670,22,0
601,72668,23,0
601,72666,24,0
601,72777,25,0
601,72774,26,0
601,72772,27,0
601,72851,28,0
601,72771,29,0
601,72768,30,0
601,72766,31,0
601,72764,32,0
601,72762,33,0
601,72760,34,0
601,72844,35,0
601,72621,36,1
700,72975,1,0
700,72900,2,0
700,72911,3,0
700,72749,4,0
700,72960,5,0
700,72711,6,0
700,72618,7,0
700,72739,8,0
700,72824,9,0
700,72796,10,0
700,72803,11,0
700,72798,12,0
700,72976,13,0
700,72974,14,0
700,72452,15,0
700,72453,16,0
700,72281,17,1
701,72280,1,0
701,72453,2,0
701,72454,3,0
701,72802,4,0
701,72976,5,0
701,72797,6,0
701,72804,7,0
701,72795,8,0
701,72968,9,0
701,72739,10,0
701,72914,11,0
701,72617,12,0
701,72712,13,0
701,72961,14,0
701,72750,15,0
701,72900,16,0
701,72975,17,1
800,72946,1,0
800,72973,2,0
800,72970,3,0
800,72927,4,0
800,72921,5,0
800,72648,6,0
800,72646,7,0
800,72644,8,0
800,72642,9,0
800,72550,10,0
800,72640,11,0
800,72638,12,0
800,72609,13,0
800,72619,14,0
800,72611,15,0
800,72607,16,0
800,72601,17,1
801,72946,1,0
801,72602,2,0
801,72608,3,0
801,72612,4,0
801,72620,5,0
801,72610,6,0
801,72639,7,0
801,72641,8,0
801,72551,9,0
801,72643,10,0
801,72645,11,0
801,72647,12,0
801,72649,13,0
801,72920,14,0
801,72926,15,0
801,72971,16,0
801,72972,17,1
900,72831,1,0
900,72553,2,0
900,72935,3,0
900,72735,4,0
900,72893,5,0
900,72891,6,0
900,72889,7,0
900,72887,8,0
900,72885,9,0
900,72883,10,0
900,72875,11,0
900,72873,12,0
900,72871,13,0
900,72869,14,0
900,72758,15,0
900,72844,16,0
900,72621,17,0
900,72975,18,0
900,72900,19,1
901,72900,1,0
901,72975,2,0
901,72623,3,0
901,72843,4,0
901,72759,5,0
901,72870,6,0
901,72872,7,0
901,72874,8,0
901,72876,9,0
901,72884,10,0
901,72886,11,0
901,72888,12,0
901,72890,13,0
901,72892,14,0
901,72887,15,0
901,72894,16,0
901,72736,17,0
901,72936,18,0
901,72552,19,0
901,72831,20,1
1000,72900,1,0
1000,72911,2,0
1000,72749,3,0
1000,72960,4,0
1000,72711,5,0
1000,72618,6,0
1000,72739,7,0
1000,72824,8,0
1000,72796,9,0
1000,72803,10,0
1000,72798,11,0
1000,72799,12,0
1000,72805,13,0
1000,72281,14,1
1001,72280,1,0
1001,72802,2,0
1001,72797,3,0
1001,72804,4,0
1001,72795,5,0
1001,72968,6,0
1001,72914,7,0
1001,72617,8,0
1001,72712,9,0
1001,72961,10,0
1001,72750,11,0
1001,72900,12,1
1500,72946,1,0
1500,72600,2,0
1500,72738,3,0
1500,72613,4,0
1500,72620,5,0
1500,72610,6,0
1500,72639,7,0
1500,72641,8,0
1500,72551,9,0
1500,72643,10,0
1500,72645,11,0
1500,72647,12,0
1500,72649,13,0
1500,72920,14,0
1500,72926,15,0
1500,72897,16,0
1500,72822,17,0
1500,72650,18,0
1500,72744,19,0
1500,72614,20,0
1500,72922,21,0
1500,72933,22,0
1500,72552,23,0
1500,72832,24,0
1500,72587,25,0
1500,72740,26,0
1500,72565,27,0
1500,72563,28,0
1500,72560,29,0
1500,72558,30,0
1500,72557,31,0
1500,72683,32,0
1500,72554,33,0
1500,72685,34,0
1500,72687,35,0
1500,72849,36,0
1500,72865,37,0
1500,72906,38,0
1500,72752,39,0
1500,72724,40,0
1500,72827,41,0
1500,72821,42,0
1500,72573,43,0
1500,72617,44,0
1500,72712,45,0
1500,72961,46,0
1500,72750,47,0
1500,72900,48,0
1500,72975,49,1
1501,72900,1,0
1501,72975,2,0
1501,72623,3,0
1501,72747,4,0
1501,72748,5,0
1501,72960,6,0
1501,72711,7,0
1501,72618,8,0
1501,72820,9,0
1501,72826,10,0
1501,72726,11,0
1501,72753,12,0
1501,72908,13,0
1501,72866,14,0
1501,72850,15,0
1501,72688,16,0
1501,72686,17,0
1501,72555,18,0
1501,72684,19,0
1501,72556,20,0
1501,72559,21,0
1501,72561,22,0
1501,72562,23,0
1501,72564,24,0
1501,72742,25,0
1501,72586,26,0
1501,72553,27,0
1501,72934,28,0
1501,72923,29,0
1501,72615,30,0
1501,72745,31,0
1501,72651,32,0
1501,72823,33,0
1501,72898,34,0
1501,72927,35,0
1501,72921,36,0
1501,72648,37,0
1501,72646,38,0
1501,72644,39,0
1501,72642,40,0
1501,72550,41,0
1501,72640,42,0
1501,72638,43,0
1501,72609,44,0
1501,72619,45,0
1501,72611,46,0
1501,72737,47,0
1501,72899,48,0
1501,72946,49,1
2100,72900,1,0
2100,72975,2,0
2100,72623,3,0
2100,72843,4,0
2100,72816,5,0
2100,72841,6,0
2100,72593,7,0
2100,72591,8,0
2100,72589,9,0
2100,72595,10,0
2100,72472,11,0
2100,72007,12,0
2100,72014,13,0
2100,72016,14,0
2100,72017,15,0
2100,72018,16,0
2100,72015,17,0
2100,72019,18,0
2100,72000,19,0
2100,72001,20,0
2100,72002,21,0
2100,72003,22,0
2100,72004,23,0
2100,72005,24,0
2100,72006,25,0
2100,72008,26,0
2100,72009,27,0
2100,72010,28,0
2100,72011,29,0
2100,72012,30,0
2100,72977,31,0
2100,72013,32,0
2100,72588,33,0
2100,72590,34,0
2100,72592,35,0
2100,72594,36,0
2100,72842,37,0
2100,72817,38,0
2100,72844,39,0
2100,72621,40,1
3100,72343,1,0
3100,72351,2,0
3100,72309,3,0
3100,72354,4,0
3100,72356,5,0
3100,72358,6,0
3100,72352,7,0
3100,72360,8,0
3100,72408,9,0
3100,72406,10,0
3100,72403,11,0
3100,72371,12,0
3100,72284,13,0
3100,72319,14,0
3100,72409,15,0
3100,72282,16,0
3100,72286,17,0
3100,72307,18,0
3100,72398,19,0
3100,72311,20,0
3100,72314,21,0
3100,72325,22,0
3100,72333,23,0
3100,72336,24,0
3100,72348,25,0
3100,72340,26,0
3100,72341,27,0
3100,72350,28,0
3100,72310,29,1
3101,72343,1,0
3101,72351,2,0
3101,72309,3,0
3101,72342,4,0
3101,72317,5,0
3101,72349,6,0
3101,72337,7,0
3101,72334,8,0
3101,72324,9,0
3101,72313,10,0
3101,72312,11,0
3101,72399,12,0
3101,72308,13,0
3101,72287,14,0
3101,72283,15,0
3101,72410,16,0
3101,72318,17,0
3101,72285,18,0
3101,72373,19,0
3101,72404,20,0
3101,72405,21,0
3101,72407,22,0
3101,72361,23,0
3101,72353,24,0
3101,72359,25,0
3101,72357,26,0
3101,72355,27,0
3101,72350,28,0
3101,72310,29,1
3300,72343,1,0
3300,72345,2,0
3300,72329,3,0
3300,72290,4,0
3300,72292,5,0
3300,72375,6,0
3300,72326,7,0
3300,72381,8,0
3300,72377,9,0
3300,72293,10,0
3300,72363,11,0
3300,72322,12,0
3300,72331,13,0
3300,72346,14,0
3300,72338,15,0
3300,72366,16,0
3300,72368,17,0
3300,72315,18,0
3300,72402,19,0
3300,72295,20,0
3300,72387,21,0
3300,72384,22,0
3300,72298,23,0
3300,72300,24,0
3300,72302,25,0
3300,72304,26,0
3300,72305,27,0
3300,72392,28,0
3300,72390,29,0
3300,72388,30,0
3300,72394,31,0
3300,72328,32,0
3300,72344,33,1
3301,72343,1,0
3301,72345,2,0
3301,72329,3,0
3301,72395,4,0
3301,72389,5,0
3301,72391,6,0
3301,72393,7,0
3301,72306,8,0
3301,72303,9,0
3301,72301,10,0
3301,72299,11,0
3301,72297,12,0
3301,72383,13,0
3301,72386,14,0
3301,72296,15,0
3301,72401,16,0
3301,72316,17,0
3301,72369,18,0
3301,72367,19,0
3301,72339,20,0
3301,72347,21,0
3301,72330,22,0
3301,72323,23,0
3301,72362,24,0
3301,72294,25,0
3301,72378,26,0
3301,72382,27,0
3301,72327,28,0
3301,72376,29,0
3301,72291,30,0
3301,72288,31,0
3301,72328,32,0
3301,72344,33,1
3500,72946,1,0
3500,72351,2,0
3500,72332,3,0
3500,72335,4,0
3500,72309,5,0
3500,72342,6,0
3500,72317,7,0
3500,72349,8,0
3500,72337,9,0
3500,72334,10,0
3500,72397,11,0
3500,72320,12,0
3500,72285,13,0
3500,72370,14,0
3500,72321,15,0
3500,72362,16,0
3500,72366,17,0
3500,72368,18,0
3500,72315,19,0
3500,72402,20,0
3500,72385,21,0
3500,72364,22,0
3500,72294,23,0
3500,72378,24,0
3500,72382,25,0
3500,72327,26,0
3500,72376,27,0
3500,72291,28,0
3500,72288,29,0
3500,72101,30,0
3500,72042,31,0
3500,72024,32,0
3500,72066,33,0
3500,72070,34,0
3500,72450,35,0
3500,72447,36,0
3500,72449,37,1
3501,72448,1,0
3501,72451,2,0
3501,72071,3,0
3501,72067,4,0
3501,72026,5,0
3501,72043,6,0
3501,72103,7,0
3501,72289,8,0
3501,72292,9,0
3501,72375,10,0
3501,72326,11,0
3501,72381,12,0
3501,72377,13,0
3501,72293,14,0
3501,72363,15,0
3501,72383,16,0
3501,72400,17,0
3501,72316,18,0
3501,72369,19,0
3501,72367,20,0
3501,72365,21,0
3501,72322,22,0
3501,72372,23,0
3501,72284,24,0
3501,72319,25,0
3501,72396,26,0
3501,72333,27,0
3501,72336,28,0
3501,72348,29,0
3501,72340,30,0
3501,72341,31,0
3501,72350,32,0
3501,72332,33,0
3501,72335,34,0
3501,72310,35,0
3501,72946,36,1
4000,72975,1,0
4000,72900,2,0
4000,72455,3,0
4000,72457,4,1
4001,72458,1,0
4001,72456,2,0
4001,72900,3,0
4001,72975,4,1
4100,72041,1,0
4100,72039,2,0
4100,72217,3,0
4100,72112,4,0
4100,72110,5,0
4100,72108,6,0
4100,72106,7,0
4100,72034,8,0
4100,72029,9,0
4100,72045,10,0
4100,72021,11,0
4100,72203,12,0
4100,72202,13,0
4100,72200,14,0
4100,72197,15,0
4100,72195,16,0
4100,72159,17,0
4100,72262,18,0
4100,72266,19,0
4100,72268,20,0
4100,72250,21,0
4100,72252,22,0
4100,72253,23,0
4100,72035,24,0
4100,72038,25,1
4101,72040,1,0
4101,72039,2,0
4101,72217,3,0
4101,72254,4,0
4101,72251,5,0
4101,72249,6,0
4101,72267,7,0
4101,72265,8,0
4101,72261,9,0
4101,72160,10,0
4101,72196,11,0
4101,72198,12,0
4101,72199,13,0
4101,72201,14,0
4101,72204,15,0
4101,72020,16,0
4101,72044,17,0
4101,72030,18,0
4101,72033,19,0
4101,72107,20,0
4101,72109,21,0
4101,72111,22,0
4101,72113,23,0
4101,72035,24,0
4101,72038,25,1
4200,72041,1,0
4200,72042,2,0
4200,72024,3,0
4200,72028,4,0
4200,72032,5,0
4200,72114,6,0
4200,72059,7,0
4200,72057,8,0
4200,72054,9,0
4200,72053,10,0
4200,72051,11,0
4200,72047,12,0
4200,72049,13,0
4200,72216,14,0
4200,72214,15,0
4200,72212,16,0
4200,72208,17,0
4200,72205,18,0
4200,72260,19,0
4200,72258,20,0
4200,72115,21,0
4200,72162,22,0
4200,72158,23,0
4200,72379,24,0
4200,72374,25,0
4200,72288,26,0
4200,72097,27,0
4200,72099,28,0
4200,72102,29,0
4200,72037,30,0
4200,72068,31,1
4201,72040,1,0
4201,72039,2,0
4201,72105,3,0
4201,72100,4,0
4201,72098,5,0
4201,72289,6,0
4201,72375,7,0
4201,72380,8,0
4201,72157,9,0
4201,72161,10,0
4201,72116,11,0
4201,72257,12,0
4201,72259,13,0
4201,72206,14,0
4201,72207,15,0
4201,72211,16,0
4201,72213,17,0
4201,72215,18,0
4201,72048,19,0
4201,72046,20,0
4201,72050,21,0
4201,72052,22,0
4201,72055,23,0
4201,72056,24,0
4201,72058,25,0
4201,72060,26,0
4201,72031,27,0
4201,72027,28,0
4201,72025,29,0
4201,72043,30,0
4201,72068,31,1
4300,72040,1,0
4300,72121,2,0
4300,72071,3,0
4300,72072,4,0
4300,72123,5,0
4300,72119,6,0
4300,72022,7,0
4300,72118,8,0
4300,72075,9,0
4300,72077,10,0
4300,72062,11,0
4300,72093,12,0
4300,72079,13,0
4300,72082,14,0
4300,72084,15,0
4300,72086,16,0
4300,72088,17,0
4300,72089,18,0
4300,72218,19,0
4300,72220,20,0
4300,72165,21,0
4300,72167,22,0
4300,72169,23,0
4300,72171,24,0
4300,72256,25,0
4300,72270,26,0
4300,72271,27,0
4300,72273,28,0
4300,72275,29,0
4300,72224,30,0
4300,72221,31,0
4300,72164,32,0
4300,72219,33,0
4300,72277,34,0
4300,72090,35,0
4300,72081,36,0
4300,72078,37,0
4300,72092,38,0
4300,72061,39,0
4300,72064,40,0
4300,72070,41,0
4300,72122,42,1
4301,72041,1,0
4301,72121,2,0
4301,72071,3,0
4301,72065,4,0
4301,72063,5,0
4301,72093,6,0
4301,72079,7,0
4301,72082,8,0
4301,72091,9,0
4301,72218,10,0
4301,72220,11,0
4301,72165,12,0
4301,72222,13,0
4301,72223,14,0
4301,72276,15,0
4301,72274,16,0
4301,72272,17,0
4301,72269,18,0
4301,72255,19,0
4301,72170,20,0
4301,72168,21,0
4301,72166,22,0
4301,72163,23,0
4301,72219,24,0
4301,72277,25,0
4301,72090,26,0
4301,72087,27,0
4301,72085,28,0
4301,72083,29,0
4301,72080,30,0
4301,72078,31,0
4301,72092,32,0
4301,72061,33,0
4301,72076,34,0
4301,72074,35,0
4301,72117,36,0
4301,72023,37,0
4301,72120,38,0
4301,72124,39,0
4301,72073,40,0
4301,72070,41,0
4301,72122,42,1
4400,72343,1,0
4400,72040,2,0
4400,72450,3,0
4400,72447,4,0
4400,72449,5,0
4400,72453,6,1
4401,72453,1,0
4401,72448,2,0
4401,72451,3,0
4401,72041,4,0
4401,72343,5,1
4500,72448,1,0
4500,72451,2,0
4500,72953,3,0
4500,72194,4,0
4500,72954,5,0
4500,72255,6,0
4500,72955,7,0
4500,72213,8,0
4500,72215,9,0
4500,72048,10,0
4500,72046,11,0
4500,72050,12,0
4500,72052,13,0
4500,72956,14,0
4500,72109,15,0
4500,72111,16,0
4500,72113,17,0
4500,72035,18,0
4500,72189,19,0
4500,72036,20,0
4500,72038,21,0
4500,72042,22,0
4500,72024,23,0
4500,72066,24,0
4500,72070,25,0
4500,72450,26,0
4500,72447,27,0
4500,72449,28,1
4501,72448,1,0
4501,72451,2,0
4501,72071,3,0
4501,72067,4,0
4501,72026,5,0
4501,72043,6,0
4501,72094,7,0
4501,72190,8,0
4501,72217,9,0
4501,72112,10,0
4501,72110,11,0
4501,72108,12,0
4501,72106,13,0
4501,72957,14,0
4501,72051,15,0
4501,72047,16,0
4501,72049,17,0
4501,72216,18,0
4501,72214,19,0
4501,72212,20,0
4501,72256,21,0
4501,72958,22,0
4501,72969,23,0
4501,72263,24,0
4501,72064,25,0
4501,72450,26,0
4501,72447,27,0
4501,72449,28,1
4600,72040,1,0
4600,72039,2,0
4600,72094,3,0
4600,72190,4,0
4600,72116,5,0
4600,72182,6,0
4600,72246,7,0
4600,72193,8,0
4600,72263,9,0
4600,72236,10,0
4600,72125,11,0
4600,72126,12,0
4600,72127,13,0
4600,72172,14,0
4600,72128,15,0
4600,72234,16,0
4600,72231,17,0
4600,72129,18,0
4600,72227,19,0
4600,72229,20,0
4600,72225,21,0
4600,72264,22,0
4600,72194,23,0
4600,72245,24,0
4600,72153,25,0
4600,72181,26,0
4600,72187,27,0
4600,72115,28,0
4600,72095,29,0
4600,72035,30,0
4600,72189,31,0
4600,72036,32,0
4600,72038,33,0
4600,72068,34,1
4601,72041,1,0
4601,72069,2,0
4601,72039,3,0
4601,72094,4,0
4601,72190,5,0
4601,72217,6,0
4601,72096,7,0
4601,72116,8,0
4601,72188,9,0
4601,72182,10,0
4601,72154,11,0
4601,72246,12,0
4601,72193,13,0
4601,72263,14,0
4601,72226,15,0
4601,72230,16,0
4601,72228,17,0
4601,72130,18,0
4601,72232,19,0
4601,72236,20,0
4601,72125,21,0
4601,72126,22,0
4601,72127,23,0
4601,72172,24,0
4601,72128,25,0
4601,72234,26,0
4601,72194,27,0
4601,72245,28,0
4601,72181,29,0
4601,72115,30,0
4601,72189,31,0
4601,72036,32,0
4601,72038,33,1
4700,72235,1,0
4700,72279,2,0
4700,72248,3,0
4700,72238,4,0
4700,72210,5,0
4700,72192,6,0
4700,72150,7,0
4700,72152,8,0
4700,72148,9,0
4700,72146,10,0
4700,72143,11,0
4700,72141,12,0
4700,72139,13,0
4700,72174,14,0
4700,72176,15,0
4700,72177,16,0
4700,72179,17,0
4700,72184,18,0
4700,72134,19,0
4700,72136,20,0
4700,72137,21,0
4700,72185,22,0
4700,72239,23,0
4700,72131,24,0
4700,72241,25,0
4700,72243,26,0
4700,72155,27,1
4701,72233,1,0
4701,72156,2,0
4701,72244,3,0
4701,72242,4,0
4701,72132,5,0
4701,72240,6,0
4701,72186,7,0
4701,72138,8,0
4701,72135,9,0
4701,72133,10,0
4701,72183,11,0
4701,72180,12,0
4701,72178,13,0
4701,72175,14,0
4701,72173,15,0
4701,72140,16,0
4701,72142,17,0
4701,72144,18,0
4701,72145,19,0
4701,72147,20,0
4701,72151,21,0
4701,72149,22,0
4701,72191,23,0
4701,72209,24,0
4701,72237,25,0
4701,72247,26,0
4701,72278,27,1
5100,72900,1,0
5100,72975,2,0
5100,72623,3,0
5100,72843,4,0
5100,72540,5,0
5100,72505,6,0
5100,72539,7,0
5100,72549,8,0
5100,72463,9,0
5100,72465,10,0
5100,72466,11,0
5100,72468,12,0
5100,72470,13,0
5100,72475,14,0
5100,72543,15,0
5100,72476,16,0
5100,72545,17,0
5100,72478,18,0
5100,72480,19,0
5100,72482,20,0
5100,72484,21,0
5100,72486,22,0
5100,72488,23,0
5100,72490,24,0
5100,72492,25,0
5100,72494,26,0
5100,72496,27,0
5100,72498,28,0
5100,72500,29,0
5100,72502,30,0
5100,72503,31,0
5100,72508,32,0
5100,72510,33,0
5100,72512,34,0
5100,72513,35,0
5100,72515,36,0
5100,72517,37,0
5100,72520,38,0
5100,72522,39,0
5100,72524,40,0
5100,72526,41,0
5100,72528,42,0
5100,72530,43,0
5100,72532,44,0
5100,72533,45,0
5100,72536,46,0
5100,72537,47,0
5100,72844,48,0
5100,72621,49,1
5101,72900,1,0
5101,72975,2,0
5101,72623,3,0
5101,72843,4,0
5101,72538,5,0
5101,72535,6,0
5101,72534,7,0
5101,72531,8,0
5101,72529,9,0
5101,72527,10,0
5101,72525,11,0
5101,72523,12,0
5101,72521,13,0
5101,72519,14,0
5101,72518,15,0
5101,72516,16,0
5101,72514,17,0
5101,72511,18,0
5101,72509,19,0
5101,72507,20,0
5101,72506,21,0
5101,72501,22,0
5101,72499,23,0
5101,72497,24,0
5101,72495,25,0
5101,72493,26,0
5101,72491,27,0
5101,72489,28,0
5101,72487,29,0
5101,72485,30,0
5101,72483,31,0
5101,72481,32,0
5101,72479,33,0
5101,72477,34,0
5101,72544,35,0
5101,72547,36,0
5101,72542,37,0
5101,72474,38,0
5101,72469,39,0
5101,72467,40,0
5101,72459,41,0
5101,72464,42,0
5101,72462,43,0
5101,72548,44,0
5101,72546,45,0
5101,72504,46,0
5101,72541,47,0
5101,72844,48,0
5101,72621,49,1
6100,72975,1,0
6100,72900,2,0
6100,72460,3,0
6100,72471,4,0
6100,72814,5,0
6100,72811,6,0
6100,72809,7,0
6100,72815,8,0
6100,72806,9,0
6100,72412,10,0
6100,72444,11,0
6100,72442,12,0
6100,72440,13,0
6100,72431,14,0
6100,72437,15,0
6100,72436,16,0
6100,72435,17,0
6100,72434,18,0
6100,72433,19,0
6100,72438,20,0
6100,72432,21,0
6100,72430,22,0
6100,72428,23,0
6100,72426,24,0
6100,72416,25,0
6100,72423,26,0
6100,72421,27,0
6100,72420,28,0
6100,72446,29,0
6100,72414,30,0
6100,72411,31,0
6100,72807,32,0
6100,72808,33,0
6100,72810,34,0
6100,72812,35,0
6100,72813,36,0
6100,72473,37,0
6100,72461,38,0
6100,72844,39,0
6100,72621,40,1
6101,72975,1,0
6101,72900,2,0
6101,72460,3,0
6101,72471,4,0
6101,72814,5,0
6101,72811,6,0
6101,72809,7,0
6101,72815,8,0
6101,72806,9,0
6101,72412,10,0
6101,72413,11,0
6101,72445,12,0
6101,72419,13,0
6101,72422,14,0
6101,72424,15,0
6101,72415,16,0
6101,72425,17,0
6101,72427,18,0
6101,72429,19,0
6101,72431,20,0
6101,72437,21,0
6101,72436,22,0
6101,72435,23,0
6101,72434,24,0
6101,72433,25,0
6101,72438,26,0
6101,72432,27,0
6101,72439,28,0
6101,72441,29,0
6101,72443,30,0
6101,72411,31,0
6101,72807,32,0
6101,72808,33,0
6101,72810,34,0
6101,72812,35,0
6101,72813,36,0
6101,72473,37,0
6101,72461,38,0
6101,72844,39,0
6101,72621,40,1
9100,72900,1,0
9100,72946,2,0
9100,72344,3,0
9100,72040,4,0
9100,904012,5,0
9100,103001,6,0
9100,72280,7,1
9101,72900,1,0
9101,72281,2,0
9101,101001,3,0
9101,902012,4,0
9101,72041,5,0
9101,72343,6,0
9101,72946,7,1
11500,72917,1,0
11500,72738,2,0
11500,72613,3,0
11500,72620,4,0
11500,72610,5,0
11500,72639,6,0
11500,72641,7,0
11500,72551,8,0
11500,72643,9,0
11500,72645,10,0
11500,72647,11,0
11500,72649,12,0
11500,72920,13,0
11500,72926,14,0
11500,72897,15,0
11500,72822,16,0
11500,72650,17,0
11500,72744,18,0
11500,72614,19,0
11500,72922,20,0
11500,72933,21,0
11500,72552,22,0
11500,72833,23,0
11500,72587,24,0
11500,72740,25,0
11500,72565,26,0
11500,72563,27,0
11500,72560,28,0
11500,72558,29,0
11500,72557,30,0
11500,72683,31,0
11500,72554,32,0
11500,72685,33,0
11500,72687,34,0
11500,72849,35,0
11500,72865,36,0
11500,72906,37,0
11500,72752,38,0
11500,72724,39,0
11500,72827,40,0
11500,72821,41,0
11500,72573,42,0
11500,72617,43,0
11500,72712,44,0
11500,72961,45,0
11500,72750,46,0
11500,72900,47,0
11500,72975,48,1
11501,72900,1,0
11501,72975,2,0
11501,72623,3,0
11501,72747,4,0
11501,72748,5,0
11501,72960,6,0
11501,72711,7,0
11501,72618,8,0
11501,72820,9,0
11501,72826,10,0
11501,72726,11,0
11501,72753,12,0
11501,72908,13,0
11501,72866,14,0
11501,72850,15,0
11501,72688,16,0
11501,72686,17,0
11501,72555,18,0
11501,72684,19,0
11501,72556,20,0
11501,72559,21,0
11501,72561,22,0
11501,72562,23,0
11501,72564,24,0
11501,72742,25,0
11501,72586,26,0
11501,72553,27,0
11501,72934,28,0
11501,72923,29,0
11501,72615,30,0
11501,72745,31,0
11501,72651,32,0
11501,72823,33,0
11501,72898,34,0
11501,72927,35,0
11501,72921,36,0
11501,72648,37,0
11501,72646,38,0
11501,72644,39,0
11501,72642,40,0
11501,72550,41,0
11501,72640,42,0
11501,72638,43,0
11501,72609,44,0
11501,72619,45,0
11501,72611,46,0
11501,72737,47,0
11501,72600,48,0
11501,72917,49,1
33500,72917,1,0
33500,72343,2,0
33500,72351,3,0
33500,72332,4,0
33500,72335,5,0
33500,72309,6,0
33500,72342,7,0
33500,72317,8,0
33500,72349,9,0
33500,72337,10,0
33500,72334,11,0
33500,72397,12,0
33500,72320,13,0
33500,72285,14,0
33500,72370,15,0
33500,72321,16,0
33500,72362,17,0
33500,72366,18,0
33500,72368,19,0
33500,72315,20,0
33500,72402,21,0
33500,72385,22,0
33500,72364,23,0
33500,72294,24,0
33500,72378,25,0
33500,72382,26,0
33500,72327,27,0
33500,72376,28,0
33500,72291,29,0
33500,72288,30,0
33500,72104,31,0
33500,72042,32,0
33500,72024,33,0
33500,72066,34,0
33500,72070,35,0
33500,72450,36,0
33500,72447,37,0
33500,72449,38,1
33501,72448,1,0
33501,72451,2,0
33501,72071,3,0
33501,72067,4,0
33501,72026,5,0
33501,72043,6,0
33501,72103,7,0
33501,72290,8,0
33501,72292,9,0
33501,72375,10,0
33501,72326,11,0
33501,72381,12,0
33501,72377,13,0
33501,72293,14,0
33501,72363,15,0
33501,72383,16,0
33501,72400,17,0
33501,72316,18,0
33501,72369,19,0
33501,72367,20,0
33501,72365,21,0
33501,72322,22,0
33501,72372,23,0
33501,72284,24,0
33501,72319,25,0
33501,72396,26,0
33501,72333,27,0
33501,72336,28,0
33501,72348,29,0
33501,72340,30,0
33501,72341,31,0
33501,72350,32,0
33501,72332,33,0
33501,72335,34,0
33501,72310,35,0
33501,72343,36,0
33501,72917,37,1
