19001,'Fête-1-02',647,,1214,230,,,0,90,,1231,230,,,0,90,,1232,230,,,0,90,,1233,230,,,0,90,,1229,230,,,0,50,,1230,230,,,0,90,,1228,230,,,0,90,,1225,230,,,0,90,,1223,230,,,0,90,,1215,230,,,0,90,,1220,230,,,0,50,,1227,230,,,0,90,,1216,230,,,0,90,,1217,230,,,0,90,,1224,230,,,0,90,,1219,230,,,0,90,,1226,230,,,0,50,,1222,230,,,0,90,,1221,230,,,0,90,,1218,230,,,0
19001,'Fête-2-03',537,,1247,230,,,0,79,,1237,230,,,0,21,,1238,230,,,0,67,,1251,230,,,0,33,,1241,230,,,0,65,,1236,230,,,0,30,,1245,230,,,0,71,,1258,230,,,0,54,,1250,230,,,0,146,,1248,230,,,0,100,,1246,230,,,0,100,,1244,230,,,0,55,,1249,230,,,0,100,,1259,230,,,0,148,,1243,230,,,0,30,,1253,230,,,0,75,,1254,230,,,0,35,,1255,230,,,0,77,,1256,230,,,0,78,,1257,230,,,0,30,,1235,230,,,0,92,,1239,230,,,0,90,,1252,230,,,0,103,,1242,230,,,0,91,,1234,230,,,0,102,,1240,230,,,0
19001,'Semaine-02',537,,1273,230,,,0,79,,1263,230,,,0,21,,1264,230,,,0,67,,1277,230,,,0,33,,1267,230,,,0,65,,1262,230,,,0,30,,1271,230,,,0,71,,1284,230,,,0,54,,1276,230,,,0,146,,1274,230,,,0,100,,1272,230,,,0,100,,1270,230,,,0,55,,1275,230,,,0,100,,1285,230,,,0,148,,1269,230,,,0,30,,1279,230,,,0,75,,1280,230,,,0,35,,1281,230,,,0,77,,1282,230,,,0,78,,1283,230,,,0,30,,1261,230,,,0,92,,1265,230,,,0,90,,1278,230,,,0,103,,1268,230,,,0,91,,1260,230,,,0,102,,1266,230,,,0
19001,'Week-end-02',647,,1286,230,,,0,90,,1303,230,,,0,90,,1304,230,,,0,90,,1305,230,,,0,90,,1301,230,,,0,50,,1302,230,,,0,90,,1300,230,,,0,90,,1297,230,,,0,90,,1295,230,,,0,90,,1287,230,,,0,90,,1292,230,,,0,50,,1299,230,,,0,90,,1288,230,,,0,90,,1289,230,,,0,90,,1296,230,,,0,90,,1291,230,,,0,90,,1298,230,,,0,50,,1294,230,,,0,90,,1293,230,,,0,90,,1290,230,,,0
19200,'Fête-2-03',535,,1434,300,0,29 30 2 32,0,70,,1431,360,0,29 30 2 32,0,30,,1436,360,0,29 30 2 32,0,70,,1435,360,0,29 30 2 32,0,30,,1433,360,0,29 30 2 32,0,70,,1432,360,0,29 30 2 32,0,30,,1430,360,0,29 30 2 32,0
19200,'Semaine-02',535,,1441,300,0,29 30 2 32,0,70,,1438,360,0,29 30 2 32,0,30,,1443,360,0,29 30 2 32,0,70,,1442,360,0,29 30 2 32,0,30,,1440,360,0,29 30 2 32,0,70,,1439,360,0,29 30 2 32,0,30,,1437,360,0,29 30 2 32,0
19201,'Fête-2-03',1613,,1451,350,0,29 30 2 32,0,33,,1450,350,0,29 30 2 32,0,75,,1449,350,0,29 30 2 32,0,36,,1447,350,0,29 30 2 32,0,78,,1448,350,0,29 30 2 32,0,71,,1445,350,0,29 30 2 32,0,31,,1446,350,0,29 30 2 32,0
19201,'Semaine-02',1613,,1459,350,0,29 30 2 32,0,33,,1458,350,0,29 30 2 32,0,75,,1457,350,0,29 30 2 32,0,36,,1455,350,0,29 30 2 32,0,78,,1456,350,0,29 30 2 32,0,71,,1453,350,0,29 30 2 32,0,31,,1454,350,0,29 30 2 32,0
49001,'Fête-2-03',624,,1760,170,,,0,26,,1761,170,,,0,70,,1762,170,,,0,29,,1763,170,,,0,70,,1757,170,,,0,30,,1755,170,,,0,70,,1756,170,,,0,115,,1764,170,,,0,100,,1758,170,,,0,100,,1759,170,,,0,98,,1765,170,,,0,94,,1766,170,,,0,93,,1754,170,,,0,83,,1753,170,,,0,31,,1752,170,,,0,72,,1748,170,,,0,30,,1751,170,,,0,71,,1750,170,,,0,32,,1749,170,,,0,64,,1747,170,,,0,55,,1746,170,,,0,95,,1767,170,,,0
49001,'Semaine-02',624,,1782,170,,,0,26,,1783,170,,,0,70,,1784,170,,,0,29,,1785,170,,,0,70,,1779,170,,,0,30,,1777,170,,,0,70,,1778,170,,,0,115,,1786,170,,,0,100,,1780,170,,,0,100,,1781,170,,,0,98,,1787,170,,,0,94,,1788,170,,,0,93,,1776,170,,,0,83,,1775,170,,,0,31,,1774,170,,,0,72,,1770,170,,,0,30,,1773,170,,,0,71,,1772,170,,,0,32,,1771,170,,,0,64,,1769,170,,,0,55,,1768,170,,,0,95,,1789,170,,,0
49101,'Fête-1-02',737,,1897,90,,,0,90,,1898,90,,,0,90,,1899,90,,,0,90,,1900,90,,,0,50,,1896,90,,,0,90,,1895,90,,,0,90,,1894,90,,,0,90,,1893,90,,,0,90,,1892,90,,,0,90,,1891,90,,,0,50,,1890,90,,,0,90,,1889,90,,,0,90,,1888,90,,,0,90,,1887,90,,,0,90,,1886,90,,,0,90,,1885,90,,,0,50,,1884,90,,,0,90,,1883,90,,,0,90,,1882,90,,,0
49101,'Fête-2-03',616,,1928,90,,,0,21,,1920,90,,,0,68,,1902,90,,,0,22,,1921,90,,,0,75,,1906,90,,,0,29,,1922,90,,,0,73,,1916,90,,,0,29,,1923,90,,,0,24,,1917,90,,,0,146,,1912,90,,,0,101,,1913,90,,,0,99,,1915,90,,,0,54,,1914,90,,,0,100,,1903,90,,,0,93,,1905,90,,,0,65,,1925,90,,,0,35,,1904,90,,,0,75,,1924,90,,,0,21,,1901,90,,,0,76,,1918,90,,,0,21,,1926,90,,,0,90,,1927,90,,,0,90,,1907,90,,,0,95,,1908,90,,,0,99,,1909,90,,,0,95,,1910,90,,,0,95,,1911,90,,,0,50,,1919,90,,,0
49101,'Semaine-02',616,,1956,90,,,0,21,,1948,90,,,0,68,,1930,90,,,0,22,,1949,90,,,0,75,,1934,90,,,0,29,,1950,90,,,0,73,,1944,90,,,0,29,,1951,90,,,0,24,,1945,90,,,0,146,,1940,90,,,0,101,,1941,90,,,0,99,,1943,90,,,0,54,,1942,90,,,0,100,,1931,90,,,0,93,,1933,90,,,0,65,,1953,90,,,0,35,,1932,90,,,0,75,,1952,90,,,0,21,,1929,90,,,0,76,,1946,90,,,0,21,,1954,90,,,0,90,,1955,90,,,0,90,,1935,90,,,0,95,,1936,90,,,0,99,,1937,90,,,0,95,,1938,90,,,0,95,,1939,90,,,0,50,,1947,90,,,0
49101,'Week-end-02',737,,1972,90,,,0,90,,1973,90,,,0,90,,1974,90,,,0,90,,1975,90,,,0,50,,1971,90,,,0,90,,1970,90,,,0,90,,1969,90,,,0,90,,1968,90,,,0,90,,1967,90,,,0,90,,1966,90,,,0,50,,1965,90,,,0,90,,1964,90,,,0,90,,1963,90,,,0,90,,1962,90,,,0,90,,1961,90,,,0,90,,1960,90,,,0,50,,1959,90,,,0,90,,1958,90,,,0,90,,1957,90,,,0
49301,'Fête-2-03',705,,2046,120,,,0,23,,2044,120,,,0,74,,2043,120,,,0,30,,2045,120,,,0,72,,2042,120,,,0,29,,2030,120,,,0,24,,2031,120,,,0,146,,2038,120,,,0,101,,2032,120,,,0,99,,2040,120,,,0,55,,2026,120,,,0,99,,2041,120,,,0,62,,2027,120,,,0,32,,2028,120,,,0,64,,2029,120,,,0,35,,2024,120,,,0,75,,2025,120,,,0,21,,2039,120,,,0,76,,2037,120,,,0,21,,2036,120,,,0,90,,2035,120,,,0,90,,2034,120,,,0,95,,2033,120,,,0
49301,'Semaine-02',705,,2069,120,,,0,23,,2067,120,,,0,74,,2066,120,,,0,30,,2068,120,,,0,72,,2065,120,,,0,29,,2053,120,,,0,24,,2054,120,,,0,146,,2061,120,,,0,101,,2055,120,,,0,99,,2063,120,,,0,55,,2049,120,,,0,99,,2064,120,,,0,62,,2050,120,,,0,32,,2051,120,,,0,64,,2052,120,,,0,35,,2047,120,,,0,75,,2048,120,,,0,21,,2062,120,,,0,76,,2060,120,,,0,21,,2059,120,,,0,90,,2058,120,,,0,90,,2057,120,,,0,95,,2056,120,,,0
