19001,'Fête-1-02',648,,1214,240,,,0,90,,1231,240,,,0,90,,1232,240,,,0,90,,1233,240,,,0,90,,1229,240,,,0,50,,1230,240,,,0,90,,1228,240,,,0,90,,1225,240,,,0,90,,1223,240,,,0,90,,1215,240,,,0,90,,1220,240,,,0,50,,1227,240,,,0,90,,1216,240,,,0,90,,1217,240,,,0,90,,1224,240,,,0,90,,1219,240,,,0,90,,1226,240,,,0,50,,1222,240,,,0,90,,1221,240,,,0,90,,1218,240,,,0
19001,'Fête-2-03',538,,1247,240,,,0,79,,1237,240,,,0,21,,1238,240,,,0,67,,1251,240,,,0,33,,1241,240,,,0,65,,1236,240,,,0,30,,1245,240,,,0,71,,1258,240,,,0,54,,1250,240,,,0,146,,1248,240,,,0,100,,1246,240,,,0,100,,1244,240,,,0,55,,1249,240,,,0,100,,1259,240,,,0,148,,1243,240,,,0,30,,1253,240,,,0,75,,1254,240,,,0,35,,1255,240,,,0,77,,1256,240,,,0,78,,1257,240,,,0,30,,1235,240,,,0,92,,1239,240,,,0,90,,1252,240,,,0,103,,1242,240,,,0,91,,1234,240,,,0,102,,1240,240,,,0
19001,'Semaine-02',538,,1273,240,,,0,79,,1263,240,,,0,21,,1264,240,,,0,67,,1277,240,,,0,33,,1267,240,,,0,65,,1262,240,,,0,30,,1271,240,,,0,71,,1284,240,,,0,54,,1276,240,,,0,146,,1274,240,,,0,100,,1272,240,,,0,100,,1270,240,,,0,55,,1275,240,,,0,100,,1285,240,,,0,148,,1269,240,,,0,30,,1279,240,,,0,75,,1280,240,,,0,35,,1281,240,,,0,77,,1282,240,,,0,78,,1283,240,,,0,30,,1261,240,,,0,92,,1265,240,,,0,90,,1278,240,,,0,103,,1268,240,,,0,91,,1260,240,,,0,102,,1266,240,,,0
19001,'Week-end-02',648,,1286,240,,,0,90,,1303,240,,,0,90,,1304,240,,,0,90,,1305,240,,,0,90,,1301,240,,,0,50,,1302,240,,,0,90,,1300,240,,,0,90,,1297,240,,,0,90,,1295,240,,,0,90,,1287,240,,,0,90,,1292,240,,,0,50,,1299,240,,,0,90,,1288,240,,,0,90,,1289,240,,,0,90,,1296,240,,,0,90,,1291,240,,,0,90,,1298,240,,,0,50,,1294,240,,,0,90,,1293,240,,,0,90,,1290,240,,,0
19200,'Fête-2-03',536,,1434,310,0,29 30 2 32,0,70,,1431,370,0,29 30 2 32,0,30,,1436,370,0,29 30 2 32,0,70,,1435,370,0,29 30 2 32,0,30,,1433,370,0,29 30 2 32,0,70,,1432,370,0,29 30 2 32,0,30,,1430,370,0,29 30 2 32,0
19200,'Semaine-02',536,,1441,310,0,29 30 2 32,0,70,,1438,370,0,29 30 2 32,0,30,,1443,370,0,29 30 2 32,0,70,,1442,370,0,29 30 2 32,0,30,,1440,370,0,29 30 2 32,0,70,,1439,370,0,29 30 2 32,0,30,,1437,370,0,29 30 2 32,0
19201,'Fête-2-03',1614,,1451,360,0,29 30 2 32,0,33,,1450,360,0,29 30 2 32,0,75,,1449,360,0,29 30 2 32,0,36,,1447,360,0,29 30 2 32,0,78,,1448,360,0,29 30 2 32,0,71,,1445,360,0,29 30 2 32,0,31,,1446,360,0,29 30 2 32,0
19201,'Semaine-02',1614,,1459,360,0,29 30 2 32,0,33,,1458,360,0,29 30 2 32,0,75,,1457,360,0,29 30 2 32,0,36,,1455,360,0,29 30 2 32,0,78,,1456,360,0,29 30 2 32,0,71,,1453,360,0,29 30 2 32,0,31,,1454,360,0,29 30 2 32,0
49001,'Fête-2-03',625,,1760,180,,,0,26,,1761,180,,,0,70,,1762,180,,,0,29,,1763,180,,,0,70,,1757,180,,,0,30,,1755,180,,,0,70,,1756,180,,,0,115,,1764,180,,,0,100,,1758,180,,,0,100,,1759,180,,,0,98,,1765,180,,,0,94,,1766,180,,,0,93,,1754,180,,,0,83,,1753,180,,,0,31,,1752,180,,,0,72,,1748,180,,,0,30,,1751,180,,,0,71,,1750,180,,,0,32,,1749,180,,,0,64,,1747,180,,,0,55,,1746,180,,,0,95,,1767,180,,,0
49001,'Semaine-02',625,,1782,180,,,0,26,,1783,180,,,0,70,,1784,180,,,0,29,,1785,180,,,0,70,,1779,180,,,0,30,,1777,180,,,0,70,,1778,180,,,0,115,,1786,180,,,0,100,,1780,180,,,0,100,,1781,180,,,0,98,,1787,180,,,0,94,,1788,180,,,0,93,,1776,180,,,0,83,,1775,180,,,0,31,,1774,180,,,0,72,,1770,180,,,0,30,,1773,180,,,0,71,,1772,180,,,0,32,,1771,180,,,0,64,,1769,180,,,0,55,,1768,180,,,0,95,,1789,180,,,0
49101,'Fête-1-02',738,,1897,100,,,0,90,,1898,100,,,0,90,,1899,100,,,0,90,,1900,100,,,0,50,,1896,100,,,0,90,,1895,100,,,0,90,,1894,100,,,0,90,,1893,100,,,0,90,,1892,100,,,0,90,,1891,100,,,0,50,,1890,100,,,0,90,,1889,100,,,0,90,,1888,100,,,0,90,,1887,100,,,0,90,,1886,100,,,0,90,,1885,100,,,0,50,,1884,100,,,0,90,,1883,100,,,0,90,,1882,100,,,0
49101,'Fête-2-03',617,,1928,100,,,0,21,,1920,100,,,0,68,,1902,100,,,0,22,,1921,100,,,0,75,,1906,100,,,0,29,,1922,100,,,0,73,,1916,100,,,0,29,,1923,100,,,0,24,,1917,100,,,0,146,,1912,100,,,0,101,,1913,100,,,0,99,,1915,100,,,0,54,,1914,100,,,0,100,,1903,100,,,0,93,,1905,100,,,0,65,,1925,100,,,0,35,,1904,100,,,0,75,,1924,100,,,0,21,,1901,100,,,0,76,,1918,100,,,0,21,,1926,100,,,0,90,,1927,100,,,0,90,,1907,100,,,0,95,,1908,100,,,0,99,,1909,100,,,0,95,,1910,100,,,0,95,,1911,100,,,0,50,,1919,100,,,0
49101,'Semaine-02',617,,1956,100,,,0,21,,1948,100,,,0,68,,1930,100,,,0,22,,1949,100,,,0,75,,1934,100,,,0,29,,1950,100,,,0,73,,1944,100,,,0,29,,1951,100,,,0,24,,1945,100,,,0,146,,1940,100,,,0,101,,1941,100,,,0,99,,1943,100,,,0,54,,1942,100,,,0,100,,1931,100,,,0,93,,1933,100,,,0,65,,1953,100,,,0,35,,1932,100,,,0,75,,1952,100,,,0,21,,1929,100,,,0,76,,1946,100,,,0,21,,1954,100,,,0,90,,1955,100,,,0,90,,1935,100,,,0,95,,1936,100,,,0,99,,1937,100,,,0,95,,1938,100,,,0,95,,1939,100,,,0,50,,1947,100,,,0
49101,'Week-end-02',738,,1972,100,,,0,90,,1973,100,,,0,90,,1974,100,,,0,90,,1975,100,,,0,50,,1971,100,,,0,90,,1970,100,,,0,90,,1969,100,,,0,90,,1968,100,,,0,90,,1967,100,,,0,90,,1966,100,,,0,50,,1965,100,,,0,90,,1964,100,,,0,90,,1963,100,,,0,90,,1962,100,,,0,90,,1961,100,,,0,90,,1960,100,,,0,50,,1959,100,,,0,90,,1958,100,,,0,90,,1957,100,,,0
49301,'Fête-2-03',705,,2046,130,,,0,23,,2044,130,,,0,75,,2043,130,,,0,30,,2045,130,,,0,72,,2042,130,,,0,29,,2030,130,,,0,24,,2031,130,,,0,146,,2038,130,,,0,101,,2032,130,,,0,99,,2040,130,,,0,55,,2026,130,,,0,99,,2041,130,,,0,62,,2027,130,,,0,32,,2028,130,,,0,64,,2029,130,,,0,35,,2024,130,,,0,75,,2025,130,,,0,21,,2039,130,,,0,76,,2037,130,,,0,21,,2036,130,,,0,90,,2035,130,,,0,90,,2034,130,,,0,95,,2033,130,,,0
49301,'Semaine-02',705,,2069,130,,,0,23,,2067,130,,,0,75,,2066,130,,,0,30,,2068,130,,,0,72,,2065,130,,,0,29,,2053,130,,,0,24,,2054,130,,,0,146,,2061,130,,,0,101,,2055,130,,,0,99,,2063,130,,,0,55,,2049,130,,,0,99,,2064,130,,,0,62,,2050,130,,,0,32,,2051,130,,,0,64,,2052,130,,,0,35,,2047,130,,,0,75,,2048,130,,,0,21,,2062,130,,,0,76,,2060,130,,,0,21,,2059,130,,,0,90,,2058,130,,,0,90,,2057,130,,,0,95,,2056,130,,,0
