19001,'Fête-1-02',645,,1214,200,,,0,90,,1231,200,,,0,90,,1232,200,,,0,90,,1233,200,,,0,90,,1229,200,,,0,50,,1230,200,,,0,90,,1228,200,,,0,90,,1225,200,,,0,90,,1223,200,,,0,90,,1215,200,,,0,90,,1220,200,,,0,50,,1227,200,,,0,90,,1216,200,,,0,90,,1217,200,,,0,90,,1224,200,,,0,90,,1219,200,,,0,90,,1226,200,,,0,50,,1222,200,,,0,90,,1221,200,,,0,90,,1218,200,,,0
19001,'Fête-2-03',535,,1247,200,,,0,79,,1237,200,,,0,21,,1238,200,,,0,67,,1251,200,,,0,33,,1241,200,,,0,65,,1236,200,,,0,30,,1245,200,,,0,71,,1258,200,,,0,54,,1250,200,,,0,146,,1248,200,,,0,100,,1246,200,,,0,100,,1244,200,,,0,55,,1249,200,,,0,100,,1259,200,,,0,148,,1243,200,,,0,30,,1253,200,,,0,75,,1254,200,,,0,35,,1255,200,,,0,77,,1256,200,,,0,38,,1257,200,,,0,70,,1235,200,,,0,92,,1239,200,,,0,90,,1252,200,,,0,103,,1242,200,,,0,91,,1234,200,,,0,102,,1240,200,,,0
19001,'Semaine-02',535,,1273,200,,,0,79,,1263,200,,,0,21,,1264,200,,,0,67,,1277,200,,,0,33,,1267,200,,,0,65,,1262,200,,,0,30,,1271,200,,,0,71,,1284,200,,,0,54,,1276,200,,,0,146,,1274,200,,,0,100,,1272,200,,,0,100,,1270,200,,,0,55,,1275,200,,,0,100,,1285,200,,,0,148,,1269,200,,,0,30,,1279,200,,,0,75,,1280,200,,,0,35,,1281,200,,,0,77,,1282,200,,,0,38,,1283,200,,,0,70,,1261,200,,,0,92,,1265,200,,,0,90,,1278,200,,,0,103,,1268,200,,,0,91,,1260,200,,,0,102,,1266,200,,,0
19001,'Week-end-02',645,,1286,200,,,0,90,,1303,200,,,0,90,,1304,200,,,0,90,,1305,200,,,0,90,,1301,200,,,0,50,,1302,200,,,0,90,,1300,200,,,0,90,,1297,200,,,0,90,,1295,200,,,0,90,,1287,200,,,0,90,,1292,200,,,0,50,,1299,200,,,0,90,,1288,200,,,0,90,,1289,200,,,0,90,,1296,200,,,0,90,,1291,200,,,0,90,,1298,200,,,0,50,,1294,200,,,0,90,,1293,200,,,0,90,,1290,200,,,0
19200,'Fête-2-03',533,,1434,270,0,29 30 2 32,0,70,,1431,330,0,29 30 2 32,0,30,,1436,330,0,29 30 2 32,0,70,,1435,330,0,29 30 2 32,0,30,,1433,330,0,29 30 2 32,0,70,,1432,330,0,29 30 2 32,0,30,,1430,330,0,29 30 2 32,0
19200,'Semaine-02',533,,1441,270,0,29 30 2 32,0,70,,1438,330,0,29 30 2 32,0,30,,1443,330,0,29 30 2 32,0,70,,1442,330,0,29 30 2 32,0,30,,1440,330,0,29 30 2 32,0,70,,1439,330,0,29 30 2 32,0,30,,1437,330,0,29 30 2 32,0
19201,'Fête-2-03',1610,,1451,320,0,29 30 2 32,0,33,,1450,320,0,29 30 2 32,0,75,,1449,320,0,29 30 2 32,0,36,,1447,320,0,29 30 2 32,0,78,,1448,320,0,29 30 2 32,0,71,,1445,320,0,29 30 2 32,0,31,,1446,320,0,29 30 2 32,0
19201,'Semaine-02',1610,,1459,320,0,29 30 2 32,0,33,,1458,320,0,29 30 2 32,0,75,,1457,320,0,29 30 2 32,0,36,,1455,320,0,29 30 2 32,0,78,,1456,320,0,29 30 2 32,0,71,,1453,320,0,29 30 2 32,0,31,,1454,320,0,29 30 2 32,0
49101,'Fête-1-02',735,,1897,60,,,0,90,,1898,60,,,0,90,,1899,60,,,0,90,,1900,60,,,0,50,,1896,60,,,0,90,,1895,60,,,0,90,,1894,60,,,0,90,,1893,60,,,0,90,,1892,60,,,0,90,,1891,60,,,0,50,,1890,60,,,0,90,,1889,60,,,0,90,,1888,60,,,0,90,,1887,60,,,0,90,,1886,60,,,0,90,,1885,60,,,0,50,,1884,60,,,0,90,,1883,60,,,0,90,,1882,60,,,0
49101,'Fête-2-03',614,,1928,60,,,0,21,,1920,60,,,0,68,,1902,60,,,0,22,,1921,60,,,0,75,,1906,60,,,0,29,,1922,60,,,0,73,,1916,60,,,0,29,,1923,60,,,0,24,,1917,60,,,0,146,,1912,60,,,0,101,,1913,60,,,0,99,,1915,60,,,0,54,,1914,60,,,0,100,,1903,60,,,0,93,,1905,60,,,0,65,,1925,60,,,0,35,,1904,60,,,0,75,,1924,60,,,0,21,,1901,60,,,0,76,,1918,60,,,0,21,,1926,60,,,0,90,,1927,60,,,0,90,,1907,60,,,0,95,,1908,60,,,0,99,,1909,60,,,0,95,,1910,60,,,0,95,,1911,60,,,0,50,,1919,60,,,0
49101,'Semaine-02',614,,1956,60,,,0,21,,1948,60,,,0,68,,1930,60,,,0,22,,1949,60,,,0,75,,1934,60,,,0,29,,1950,60,,,0,73,,1944,60,,,0,29,,1951,60,,,0,24,,1945,60,,,0,146,,1940,60,,,0,101,,1941,60,,,0,99,,1943,60,,,0,54,,1942,60,,,0,100,,1931,60,,,0,93,,1933,60,,,0,65,,1953,60,,,0,35,,1932,60,,,0,75,,1952,60,,,0,21,,1929,60,,,0,76,,1946,60,,,0,21,,1954,60,,,0,90,,1955,60,,,0,90,,1935,60,,,0,95,,1936,60,,,0,99,,1937,60,,,0,95,,1938,60,,,0,95,,1939,60,,,0,50,,1947,60,,,0
49101,'Week-end-02',735,,1972,60,,,0,90,,1973,60,,,0,90,,1974,60,,,0,90,,1975,60,,,0,50,,1971,60,,,0,90,,1970,60,,,0,90,,1969,60,,,0,90,,1968,60,,,0,90,,1967,60,,,0,90,,1966,60,,,0,50,,1965,60,,,0,90,,1964,60,,,0,90,,1963,60,,,0,90,,1962,60,,,0,90,,1961,60,,,0,90,,1960,60,,,0,50,,1959,60,,,0,90,,1958,60,,,0,90,,1957,60,,,0
49301,'Fête-2-03',703,,2046,90,,,0,23,,2044,90,,,0,74,,2043,90,,,0,30,,2045,90,,,0,72,,2042,90,,,0,29,,2030,90,,,0,24,,2031,90,,,0,146,,2038,90,,,0,101,,2032,90,,,0,99,,2040,90,,,0,55,,2026,90,,,0,99,,2041,90,,,0,62,,2027,90,,,0,32,,2028,90,,,0,64,,2029,90,,,0,35,,2024,90,,,0,75,,2025,90,,,0,21,,2039,90,,,0,76,,2037,90,,,0,21,,2036,90,,,0,90,,2035,90,,,0,90,,2034,90,,,0,95,,2033,90,,,0
49301,'Semaine-02',703,,2069,90,,,0,23,,2067,90,,,0,74,,2066,90,,,0,30,,2068,90,,,0,72,,2065,90,,,0,29,,2053,90,,,0,24,,2054,90,,,0,146,,2061,90,,,0,101,,2055,90,,,0,99,,2063,90,,,0,55,,2049,90,,,0,99,,2064,90,,,0,62,,2050,90,,,0,32,,2051,90,,,0,64,,2052,90,,,0,35,,2047,90,,,0,75,,2048,90,,,0,21,,2062,90,,,0,76,,2060,90,,,0,21,,2059,90,,,0,90,,2058,90,,,0,90,,2057,90,,,0,95,,2056,90,,,0
