19000,'Fête-2-03',545,,1165,240,4,,0,69,,1161,240,4,,0,27,,1144,240,4,,0,71,,1151,240,4,,0,27,,1146,240,4,,0,70,,1167,240,4,,0,19,,1142,240,4,,0,74,,1155,240,4,,0,31,,1158,240,4,,0,97,,1160,240,4,,0,101,,1152,240,4,,0,102,,1166,240,4,,0,98,,1153,240,4,,0,96,,1147,240,4,,0,103,,1164,240,4,,0,115,,1148,240,4,,0,73,,1163,240,4,,0,36,,1150,240,4,,0,76,,1162,240,4,,0,78,,1149,240,4,,0,50,,1156,240,4,,0,90,,1159,240,4,,0,95,,1154,240,4,,0,100,,1143,240,4,,0,106,,1157,240,4,,0,85,,1145,240,4,,0
19000,'Semaine-02',545,,1191,240,4,,0,69,,1187,240,4,,0,27,,1170,240,4,,0,71,,1177,240,4,,0,27,,1172,240,4,,0,70,,1193,240,4,,0,19,,1168,240,4,,0,74,,1181,240,4,,0,31,,1184,240,4,,0,97,,1186,240,4,,0,101,,1178,240,4,,0,102,,1192,240,4,,0,98,,1179,240,4,,0,96,,1173,240,4,,0,103,,1190,240,4,,0,115,,1174,240,4,,0,73,,1189,240,4,,0,36,,1176,240,4,,0,76,,1188,240,4,,0,78,,1175,240,4,,0,50,,1182,240,4,,0,90,,1185,240,4,,0,95,,1180,240,4,,0,100,,1169,240,4,,0,106,,1183,240,4,,0,85,,1171,240,4,,0
19001,'Fête-2-03',521,,1247,10,,,0,37,,1237,10,,,0,61,,1238,10,,,0,27,,1251,10,,,0,73,,1241,10,,,0,25,,1236,10,,,0,70,,1245,10,,,0,31,,1258,10,,,0,94,,1250,10,,,0,106,,1248,10,,,0,100,,1246,10,,,0,99,,1244,10,,,0,95,,1249,10,,,0,100,,1259,10,,,0,106,,1243,10,,,0,70,3,1253,10,,,0,35,,1254,10,,,0,76,,1255,10,,,0,79,,1256,10,,,0,38,,1257,10,,,0,70,,1235,10,,,0,92,,1239,10,,,0,50,,1252,10,,,0,146,,1242,10,,,0,51,,1234,10,,,0,102,,1240,10,,,0
19001,'Semaine-02',521,,1273,10,,,0,37,,1263,10,,,0,61,,1264,10,,,0,27,,1277,10,,,0,73,,1267,10,,,0,25,,1262,10,,,0,70,,1271,10,,,0,31,,1284,10,,,0,94,,1276,10,,,0,106,,1274,10,,,0,100,,1272,10,,,0,99,,1270,10,,,0,95,,1275,10,,,0,100,,1285,10,,,0,106,,1269,10,,,0,70,3,1279,10,,,0,35,,1280,10,,,0,76,,1281,10,,,0,79,,1282,10,,,0,38,,1283,10,,,0,70,,1261,10,,,0,92,,1265,10,,,0,50,,1278,10,,,0,146,,1268,10,,,0,51,,1260,10,,,0,102,,1266,10,,,0
19100,'Fête-2-03',545,,1317,270,4,,0,68,,1327,270,4,,0,27,,1321,270,4,,0,72,,1318,270,4,,0,26,,1325,270,4,,0,71,,1326,270,4,,0,20,,1331,270,4,,0,75,,1332,270,4,,0,100,,1333,270,4,,0,100,,1334,270,4,,0,100,,1335,270,4,,0,100,,1336,270,4,,0,96,,1329,270,4,,0,53,,1330,270,4,,0,97,,1328,270,4,,0,94,,1322,270,4,,0,73,,1319,270,4,,0,36,,1320,270,4,,0,79,,1324,270,4,,0,78,,1323,270,4,,0,22,,1316,270,4,,0
19100,'Semaine-02',545,,1338,270,4,,0,68,,1348,270,4,,0,27,,1342,270,4,,0,72,,1339,270,4,,0,26,,1346,270,4,,0,71,,1347,270,4,,0,20,,1352,270,4,,0,75,,1353,270,4,,0,100,,1354,270,4,,0,100,,1355,270,4,,0,100,,1356,270,4,,0,100,,1357,270,4,,0,96,,1350,270,4,,0,53,,1351,270,4,,0,97,,1349,270,4,,0,94,,1343,270,4,,0,73,,1340,270,4,,0,36,,1341,270,4,,0,79,,1345,270,4,,0,78,,1344,270,4,,0,22,,1337,270,4,,0
19101,'Fête-2-03',518,,1382,10,,,0,36,,1388,10,,,0,64,,1389,10,,,0,27,,1387,10,,,0,73,,1385,10,,,0,25,,1386,10,,,0,71,,1391,10,,,0,99,,1392,10,,,0,102,,1393,10,,,0,100,,1394,10,,,0,100,,1395,10,,,0,97,,1396,10,,,0,93,,1397,10,,,0,53,,1398,10,,,0,97,,1383,10,,,0,60,3,1390,10,,,0,35,,1384,10,,,0,76,,1381,10,,,0,79,,1378,10,,,0,38,,1379,10,,,0,69,,1380,10,,,0
19101,'Semaine-02',518,,1403,10,,,0,36,,1409,10,,,0,64,,1410,10,,,0,27,,1408,10,,,0,73,,1406,10,,,0,25,,1407,10,,,0,71,,1412,10,,,0,99,,1413,10,,,0,102,,1414,10,,,0,100,,1415,10,,,0,100,,1416,10,,,0,97,,1417,10,,,0,93,,1418,10,,,0,53,,1419,10,,,0,97,,1404,10,,,0,60,3,1411,10,,,0,35,,1405,10,,,0,76,,1402,10,,,0,79,,1399,10,,,0,38,,1400,10,,,0,69,,1401,10,,,0
20001,'Fête-2-03',545,,1535,130,4,,0,61,,1536,10,0,17 39 2 25,0,16,,1536,210,4,,0,5,,1537,10,0,17 39 2 25,0,16,,1537,210,4,,0,5,,1538,10,0,17 39 2 25,0,56,,1538,210,4,,0,5,,1539,10,0,17 39 2 25,0,16,,1539,210,4,,0,5,,1544,10,0,17 39 2 25,0,16,,1544,210,4,,0,7,,1543,10,0,17 39 2 25,0,56,,1543,210,4,,0,5,,1546,10,0,17 39 2 25,0,16,,1546,210,4,,0,9,,1545,10,0,17 39 2 25,0,16,,1545,210,4,,0,60,,1547,10,0,17 39 2 25,0,16,,1547,210,4,,0,14,,1548,10,0,17 39 2 25,0,56,,1548,210,4,,0,14,,1555,10,0,17 39 2 25,0,16,,1555,210,4,,0,24,,1549,10,0,17 39 2 25,0,56,,1549,210,4,,0,5,,1556,10,0,17 39 2 25,0,16,,1556,210,4,,0,13,,1550,10,0,17 39 2 25,0,56,,1550,210,4,,0,14,,1557,10,0,17 39 2 25,0,16,,1557,210,4,,0,14,,1551,10,0,17 39 2 25,0,56,,1551,210,4,,0,14,,1558,10,0,17 39 2 25,0,16,,1558,210,4,,0,14,,1552,10,0,17 39 2 25,0,56,,1552,210,4,,0,14,,1559,10,0,17 39 2 25,0,16,,1559,210,4,,0,27,,1553,10,0,17 39 2 25,0,56,,1553,210,4,,0,31,,1560,10,0,17 39 2 25,0,56,,1560,210,4,,0,15,,1554,10,0,17 39 2 25,0,16,,1554,210,4,,0,17,,1541,10,0,17 39 2 25,0,56,,1541,210,4,,0,19,,1540,10,0,17 39 2 25,0,16,,1540,210,4,,0,5,,1531,10,0,17 39 2 25,0,56,,1531,210,4,,0,5,,1532,10,0,17 39 2 25,0,16,,1532,210,4,,0,20,,1533,10,0,17 39 2 25,0,16,,1533,210,4,,0,50,,1534,10,0,17 39 2 25,0,16,,1534,210,4,,0,8,,1542,10,,,0
20001,'Semaine-02',545,,1565,130,4,,0,61,,1566,10,0,17 39 2 25,0,16,,1566,210,4,,0,5,,1567,10,0,17 39 2 25,0,16,,1567,210,4,,0,5,,1568,10,0,17 39 2 25,0,56,,1568,210,4,,0,5,,1569,10,0,17 39 2 25,0,16,,1569,210,4,,0,5,,1574,10,0,17 39 2 25,0,16,,1574,210,4,,0,7,,1573,10,0,17 39 2 25,0,56,,1573,210,4,,0,5,,1576,10,0,17 39 2 25,0,16,,1576,210,4,,0,9,,1575,10,0,17 39 2 25,0,16,,1575,210,4,,0,60,,1577,10,0,17 39 2 25,0,16,,1577,210,4,,0,14,,1578,10,0,17 39 2 25,0,56,,1578,210,4,,0,14,,1585,10,0,17 39 2 25,0,16,,1585,210,4,,0,24,,1579,10,0,17 39 2 25,0,56,,1579,210,4,,0,5,,1586,10,0,17 39 2 25,0,16,,1586,210,4,,0,13,,1580,10,0,17 39 2 25,0,56,,1580,210,4,,0,14,,1587,10,0,17 39 2 25,0,16,,1587,210,4,,0,14,,1581,10,0,17 39 2 25,0,56,,1581,210,4,,0,14,,1588,10,0,17 39 2 25,0,16,,1588,210,4,,0,14,,1582,10,0,17 39 2 25,0,56,,1582,210,4,,0,14,,1589,10,0,17 39 2 25,0,16,,1589,210,4,,0,27,,1583,10,0,17 39 2 25,0,56,,1583,210,4,,0,31,,1590,10,0,17 39 2 25,0,56,,1590,210,4,,0,15,,1584,10,0,17 39 2 25,0,16,,1584,210,4,,0,17,,1571,10,0,17 39 2 25,0,56,,1571,210,4,,0,19,,1570,10,0,17 39 2 25,0,16,,1570,210,4,,0,5,,1561,10,0,17 39 2 25,0,56,,1561,210,4,,0,5,,1562,10,0,17 39 2 25,0,16,,1562,210,4,,0,20,,1563,10,0,17 39 2 25,0,16,,1563,210,4,,0,50,,1564,10,0,17 39 2 25,0,16,,1564,210,4,,0,8,,1572,10,,,0
59100,'Fête-2-03',550,,2074,10,,,0,99,,2070,10,,,0,103,,2071,10,,,0,157,,2076,10,,,0,106,,2075,10,,,0,109,,2079,10,,,0,113,,2080,10,,,0,107,,2081,10,,,0,114,,2077,10,,,0,150,,2072,10,,,0,118,,2073,10,,,0,116,,2078,10,,,0
59100,'Semaine-02',550,,2086,10,,,0,99,,2082,10,,,0,103,,2083,10,,,0,157,,2088,10,,,0,106,,2087,10,,,0,109,,2091,10,,,0,113,,2092,10,,,0,107,,2093,10,,,0,114,,2089,10,,,0,150,,2084,10,,,0,118,,2085,10,,,0,116,,2090,10,,,0
59101,'Fête-2-03',644,,2097,110,4,,0,102,,2096,110,4,,0,112,,2102,110,4,,0,152,,2100,110,4,,0,107,,2104,110,4,,0,114,,2103,110,4,,0,104,,2105,110,4,,0,118,,2101,110,4,,0,150,,2094,110,4,,0,117,,2095,110,4,,0,117,,2098,110,4,,0,114,,2099,110,4,,0
59101,'Semaine-02',644,,2109,110,4,,0,102,,2108,110,4,,0,112,,2114,110,4,,0,152,,2112,110,4,,0,107,,2116,110,4,,0,114,,2115,110,4,,0,104,,2117,110,4,,0,118,,2113,110,4,,0,150,,2106,110,4,,0,117,,2107,110,4,,0,117,,2110,110,4,,0,114,,2111,110,4,,0
79300,'Fête-2-03',526,,2254,10,,,0,77,,2240,10,,,0,29,,2239,10,,,0,70,,2246,10,,,0,18,,2257,10,,,0,25,,2247,10,,,0,70,,2258,10,,,0,20,,2238,10,,,0,73,,2243,10,,,0,32,,2255,10,,,0,70,,2235,10,,,0,45,,2233,10,,,0,80,,2259,10,,,0,80,,2253,10,,,0,98,,2248,10,,,0,22,,2256,10,,,0,70,,2232,10,,,0,95,,2236,10,,,0,55,,2242,10,,,0,65,,2249,10,,,0,30,,2241,10,,,0,76,,2250,10,,,0,91,,2245,10,,,0,121,,2237,10,,,0,65,,2244,10,,,0,50,,2251,10,,,0,69,,2234,10,,,0,80,,2260,10,,,0,46,,2261,10,,,0,106,,2252,10,,,0
79300,'Semaine-02',526,,2284,10,,,0,77,,2270,10,,,0,29,,2269,10,,,0,70,,2276,10,,,0,18,,2287,10,,,0,25,,2277,10,,,0,70,,2288,10,,,0,20,,2268,10,,,0,73,,2273,10,,,0,32,,2285,10,,,0,70,,2265,10,,,0,45,,2263,10,,,0,80,,2289,10,,,0,80,,2283,10,,,0,98,,2278,10,,,0,22,,2286,10,,,0,70,,2262,10,,,0,95,,2266,10,,,0,55,,2272,10,,,0,65,,2279,10,,,0,30,,2271,10,,,0,76,,2280,10,,,0,91,,2275,10,,,0,121,,2267,10,,,0,65,,2274,10,,,0,50,,2281,10,,,0,69,,2264,10,,,0,80,,2290,10,,,0,46,,2291,10,,,0,106,,2282,10,,,0
79301,'Fête-2-03',614,,2295,280,4,,0,26,,2296,280,4,,0,75,,2294,280,4,,0,33,,2311,280,4,,0,78,,2292,290,4,,0,77,,2293,280,4,,0,29,,2316,280,4,,0,70,,2321,280,4,,0,40,,2304,280,4,,0,80,,2317,290,4,,0,82,,2312,280,4,,0,37,,2301,280,4,,0,66,,2319,280,4,,0,93,,2305,280,4,,0,52,,2318,280,4,,0,88,,2308,280,4,,0,70,,2298,280,4,,0,32,,2320,280,4,,0,71,,2303,280,4,,0,27,,2300,270,4,,0,68,,2302,280,4,,0,26,,2309,280,4,,0,70,,2299,290,4,,0,28,,2307,280,4,,0,22,,2297,290,4,,0,94,,2313,280,4,,0,69,,2322,280,4,,0,40,,2314,280,4,,0,86,,2306,280,4,,0,106,,2315,280,4,,0,106,,2310,280,4,,0
79301,'Semaine-02',614,,2326,280,4,,0,26,,2327,280,4,,0,75,,2325,280,4,,0,33,,2342,280,4,,0,78,,2323,290,4,,0,77,,2324,280,4,,0,29,,2347,280,4,,0,70,,2352,280,4,,0,40,,2335,280,4,,0,80,,2348,290,4,,0,82,,2343,280,4,,0,37,,2332,280,4,,0,66,,2350,280,4,,0,93,,2336,280,4,,0,52,,2349,280,4,,0,88,,2339,280,4,,0,70,,2329,280,4,,0,32,,2351,280,4,,0,71,,2334,280,4,,0,27,,2331,270,4,,0,68,,2333,280,4,,0,26,,2340,280,4,,0,70,,2330,290,4,,0,28,,2338,280,4,,0,22,,2328,290,4,,0,94,,2344,280,4,,0,69,,2353,280,4,,0,40,,2345,280,4,,0,86,,2337,280,4,,0,106,,2346,280,4,,0,106,,2341,280,4,,0
