19001,'Fête-1-01',646,,1941,210,,,0,90,,1958,210,,,0,90,,1959,210,,,0,90,,1960,210,,,0,90,,1956,210,,,0,50,,1957,210,,,0,90,,1955,210,,,0,90,,1952,210,,,0,90,,1950,210,,,0,90,,1942,210,,,0,90,,1947,210,,,0,50,,1954,210,,,0,90,,1943,210,,,0,90,,1944,210,,,0,90,,1951,210,,,0,90,,1946,210,,,0,90,,1953,210,,,0,50,,1949,210,,,0,90,,1948,210,,,0,90,,1945,210,,,0
19001,'Semaine-01',536,,1974,210,,,0,79,,1964,210,,,0,21,,1965,210,,,0,67,,1978,210,,,0,33,,1968,210,,,0,65,,1963,210,,,0,30,,1972,210,,,0,71,,1985,210,,,0,54,,1977,210,,,0,146,,1975,210,,,0,100,,1973,210,,,0,100,,1971,210,,,0,55,,1976,210,,,0,100,,1986,210,,,0,148,,1970,210,,,0,30,,1980,210,,,0,75,,1981,210,,,0,35,,1982,210,,,0,77,,1983,210,,,0,78,,1984,210,,,0,30,,1962,210,,,0,92,,1966,210,,,0,90,,1979,210,,,0,103,,1969,210,,,0,91,,1961,210,,,0,102,,1967,210,,,0
19001,'Week-end-01',646,,1987,210,,,0,90,,2004,210,,,0,90,,2005,210,,,0,90,,2006,210,,,0,90,,2002,210,,,0,50,,2003,210,,,0,90,,2001,210,,,0,90,,1998,210,,,0,90,,1996,210,,,0,90,,1988,210,,,0,90,,1993,210,,,0,50,,2000,210,,,0,90,,1989,210,,,0,90,,1990,210,,,0,90,,1997,210,,,0,90,,1992,210,,,0,90,,1999,210,,,0,50,,1995,210,,,0,90,,1994,210,,,0,90,,1991,210,,,0
19200,'Semaine-01',534,,2093,290,0,29 30 2 32,0,70,,2090,350,0,29 30 2 32,0,30,,2095,350,0,29 30 2 32,0,70,,2094,350,0,29 30 2 32,0,30,,2092,350,0,29 30 2 32,0,70,,2091,350,0,29 30 2 32,0,30,,2089,350,0,29 30 2 32,0
19201,'Semaine-01',1612,,2103,340,0,29 30 2 32,0,33,,2102,340,0,29 30 2 32,0,75,,2101,340,0,29 30 2 32,0,36,,2099,340,0,29 30 2 32,0,78,,2100,340,0,29 30 2 32,0,71,,2097,340,0,29 30 2 32,0,31,,2098,340,0,29 30 2 32,0
49001,'Semaine-01',623,,2278,160,,,0,26,,2279,160,,,0,70,,2280,160,,,0,29,,2281,160,,,0,70,,2275,160,,,0,30,,2273,160,,,0,70,,2274,160,,,0,115,,2282,160,,,0,100,,2276,160,,,0,100,,2277,160,,,0,98,,2283,160,,,0,94,,2284,160,,,0,93,,2272,160,,,0,83,,2271,160,,,0,31,,2270,160,,,0,72,,2266,160,,,0,30,,2269,160,,,0,71,,2268,160,,,0,32,,2267,160,,,0,64,,2265,160,,,0,55,,2264,160,,,0,95,,2285,160,,,0
49101,'Fête-1-01',736,,2367,80,,,0,90,,2368,80,,,0,90,,2369,80,,,0,90,,2370,80,,,0,50,,2366,80,,,0,90,,2365,80,,,0,90,,2364,80,,,0,90,,2363,80,,,0,90,,2362,80,,,0,90,,2361,80,,,0,50,,2360,80,,,0,90,,2359,80,,,0,90,,2358,80,,,0,90,,2357,80,,,0,90,,2356,80,,,0,90,,2355,80,,,0,50,,2354,80,,,0,90,,2353,80,,,0,90,,2352,80,,,0
49101,'Semaine-01',615,,2398,80,,,0,21,,2390,80,,,0,68,,2372,80,,,0,22,,2391,80,,,0,75,,2376,80,,,0,29,,2392,80,,,0,73,,2386,80,,,0,29,,2393,80,,,0,24,,2387,80,,,0,146,,2382,80,,,0,101,,2383,80,,,0,99,,2385,80,,,0,54,,2384,80,,,0,100,,2373,80,,,0,93,,2375,80,,,0,65,,2395,80,,,0,35,,2374,80,,,0,75,,2394,80,,,0,21,,2371,80,,,0,76,,2388,80,,,0,21,,2396,80,,,0,90,,2397,80,,,0,90,,2377,80,,,0,95,,2378,80,,,0,99,,2379,80,,,0,95,,2380,80,,,0,95,,2381,80,,,0,50,,2389,80,,,0
49101,'Week-end-01',736,,2414,80,,,0,90,,2415,80,,,0,90,,2416,80,,,0,90,,2417,80,,,0,50,,2413,80,,,0,90,,2412,80,,,0,90,,2411,80,,,0,90,,2410,80,,,0,90,,2409,80,,,0,90,,2408,80,,,0,50,,2407,80,,,0,90,,2406,80,,,0,90,,2405,80,,,0,90,,2404,80,,,0,90,,2403,80,,,0,90,,2402,80,,,0,50,,2401,80,,,0,90,,2400,80,,,0,90,,2399,80,,,0
49301,'Semaine-01',704,,2449,110,,,0,97,,2448,110,,,0,102,,2447,110,,,0,53,,2437,110,,,0,146,,2443,110,,,0,101,,2438,110,,,0,99,,2445,110,,,0,55,,2435,110,,,0,99,,2446,110,,,0,94,,2436,110,,,0,99,,2434,110,,,0,96,,2444,110,,,0,97,,2442,110,,,0,90,,2441,110,,,0,90,,2440,110,,,0,95,,2439,110,,,0
