19000,'Fête-1-03',658,,2226,40,0,40,0,90,,2245,40,0,40,0,90,,2242,40,0,40,0,90,,2244,40,0,40,0,90,,2243,40,0,40,0,90,,2228,40,0,40,0,50,,2233,40,0,40,0,90,,2232,40,0,40,0,90,,2236,40,0,40,0,90,,2231,40,0,40,0,90,,2230,40,0,40,0,90,,2235,40,0,40,0,50,,2229,40,0,40,0,90,,2239,40,0,40,0,90,,2237,40,0,40,0,90,,2241,40,0,40,0,90,,2240,40,0,40,0,90,,2227,40,0,40,0,50,,2238,40,0,40,0,90,,2234,40,0,40,0
19000,'Semaine-06',530,,2269,40,,,0,29,,2265,40,,,0,67,,2248,40,,,0,31,,2255,40,,,0,67,,2250,40,,,0,30,,2271,40,,,0,59,,2246,40,,,0,34,,2259,40,,,0,71,,2262,40,,,0,97,,2264,40,,,0,101,,2256,40,,,0,101,,2270,40,,,0,98,,2257,40,,,0,96,,2251,40,,,0,103,,2268,40,,,0,114,,2252,40,,,0,73,,2267,40,,,0,36,,2254,40,,,0,78,,2266,40,,,0,38,,2253,40,,,0,90,,2260,40,,,0,90,,2263,40,,,0,95,,2258,40,,,0,100,,2247,40,,,0,106,,2261,40,,,0,85,,2249,40,,,0
19000,'Week-end-02',658,,1612,40,0,40,0,90,,1631,40,0,40,0,90,,1628,40,0,40,0,90,,1630,40,0,40,0,90,,1629,40,0,40,0,90,,1614,40,0,40,0,50,,1619,40,0,40,0,90,,1618,40,0,40,0,90,,1622,40,0,40,0,90,,1617,40,0,40,0,90,,1616,40,0,40,0,90,,1621,40,0,40,0,50,,1615,40,0,40,0,90,,1625,40,0,40,0,90,,1623,40,0,40,0,90,,1627,40,0,40,0,90,,1626,40,0,40,0,90,,1613,40,0,40,0,50,,1624,40,0,40,0,90,,1620,40,0,40,0
19200,'Semaine-06',543,,2381,40,0,29 30 2 32,0,70,,2386,40,0,29 30 2 32,0,30,,2385,40,0,29 30 2 32,0,70,,2383,40,0,29 30 2 32,0,30,,2382,40,0,29 30 2 32,0,70,,2380,40,0,29 30 2 32,0
19201,'Semaine-06',1551,,2394,40,0,29 30 2 32,0,73,,2393,40,0,29 30 2 32,0,35,,2392,40,0,29 30 2 32,0,76,,2390,40,0,29 30 2 32,0,78,,2391,40,0,29 30 2 32,0,31,,2388,40,0,29 30 2 32,0,71,,2389,40,0,29 30 2 32,0,31,,2387,40,0,32,0
49000,'Semaine-06',533,,2527,40,,,0,75,,2526,40,,,0,30,,2515,40,,,0,65,,2516,40,,,0,30,,2525,40,,,0,70,,2523,40,,,0,27,,2524,40,,,0,73,,2529,40,,,0,35,,2531,40,,,0,110,,2530,40,,,0,100,,2537,40,,,0,99,,2536,40,,,0,97,,2533,40,,,0,93,,2532,40,,,0,77,,2519,40,,,0,21,,2521,40,,,0,79,,2522,40,,,0,32,,2517,40,,,0,71,,2520,40,,,0,31,,2528,40,,,0,69,,2518,40,,,0,97,,2535,40,,,0,94,,2534,40,,,0
49100,'Fête-1-03',658,,2574,40,,,0,90,,2575,40,,,0,90,,2576,40,,,0,90,,2577,40,,,0,90,,2578,40,,,0,90,,2570,40,,,0,50,,2571,40,,,0,90,,2573,40,,,0,90,,2563,40,,,0,90,,2560,40,,,0,90,,2567,40,,,0,90,,2562,40,,,0,50,,2568,40,,,0,90,,2566,40,,,0,90,,2569,40,,,0,90,,2561,40,,,0,90,,2564,40,,,0,90,,2565,40,,,0,50,,2572,40,,,0
49100,'Semaine-06',548,,2598,40,,,0,80,,2579,40,,,0,20,,2599,40,,,0,68,,2580,40,,,0,32,,2600,40,,,0,65,,2581,40,,,0,31,,2601,40,,,0,74,,2591,40,,,0,91,,2592,40,,,0,109,,2593,40,,,0,100,,2602,40,,,0,100,,2595,40,,,0,92,,2590,40,,,0,98,,2582,40,,,0,22,,2594,40,,,0,75,,2583,40,,,0,24,,2603,40,,,0,73,,2584,40,,,0,35,,2604,40,,,0,21,,2585,40,,,0,96,,2605,40,,,0,90,,2596,40,,,0,90,,2587,40,,,0,95,,2588,40,,,0,100,,2589,40,,,0,94,,2586,40,,,0,95,,2597,40,,,0
49100,'Week-end-02',658,,1961,40,,,0,90,,1962,40,,,0,90,,1963,40,,,0,90,,1964,40,,,0,90,,1965,40,,,0,90,,1957,40,,,0,50,,1958,40,,,0,90,,1960,40,,,0,90,,1950,40,,,0,90,,1947,40,,,0,90,,1954,40,,,0,90,,1949,40,,,0,50,,1955,40,,,0,90,,1953,40,,,0,90,,1956,40,,,0,90,,1948,40,,,0,90,,1951,40,,,0,90,,1952,40,,,0,50,,1959,40,,,0
49300,'Semaine-06',626,,2658,50,,,0,22,,2670,50,,,0,67,,2671,50,,,0,33,,2672,50,,,0,65,,2673,50,,,0,32,,2674,50,,,0,72,,2675,50,,,0,32,,2660,50,,,0,59,,2662,50,,,0,110,,2659,50,,,0,100,,2665,50,,,0,98,,2656,50,,,0,94,,2655,50,,,0,27,,2653,50,,,0,72,,2657,50,,,0,22,,2663,50,,,0,73,,2668,50,,,0,24,,2661,50,,,0,73,,2664,50,,,0,35,,2666,50,,,0,21,,2654,50,,,0,97,,2667,50,,,0,90,,2669,50,,,0,90,,2676,50,,,0
