18800,'Fête-2-03',653,,1075,30,,,0,99,,1076,30,,,0,98,,1081,30,,,0,677,,1080,30,,,0,99,,1077,30,,,0,74,,1079,30,,,0,53,,1078,30,,,0,100,,1082,30,,,0,92,,1083,30,0,5,0
18800,'Semaine-02',653,,1085,30,,,0,99,,1086,30,,,0,98,,1091,30,,,0,677,,1090,30,,,0,99,,1087,30,,,0,74,,1089,30,,,0,53,,1088,30,,,0,100,,1092,30,,,0,92,,1093,30,0,5,0
18900,'Fête-2-03',1559,,1094,30,0,29 30 2 24,0,67,,1096,30,0,29 30 2 24,0,74,,1097,30,0,29 30 2 24,0,36,,1098,30,0,29 30 2 24,0,79,,1099,30,0,29 30 2 24,0,17,,1100,30,0,29 30 2 24,0,83,,1101,30,0,29 30 2 24,0,28,,1095,30,0,24,0
18900,'Semaine-02',1559,,1102,30,0,29 30 2 24,0,67,,1104,30,0,29 30 2 24,0,74,,1105,30,0,29 30 2 24,0,36,,1106,30,0,29 30 2 24,0,79,,1107,30,0,29 30 2 24,0,17,,1108,30,0,29 30 2 24,0,83,,1109,30,0,29 30 2 24,0,28,,1103,30,0,24,0
18901,'Fête-2-03',614,,1111,30,0,29 30 2 24,0,33,,1112,30,0,29 30 2 24,0,66,,1113,30,0,29 30 2 24,0,33,,1114,30,0,29 30 2 24,0,70,,1115,30,0,29 30 2 24,0
18901,'Semaine-02',614,,1117,30,0,29 30 2 24,0,33,,1118,30,0,29 30 2 24,0,66,,1119,30,0,29 30 2 24,0,33,,1120,30,0,29 30 2 24,0,70,,1121,30,0,29 30 2 24,0
19100,'Fête-1-02',657,,1306,30,0,39,0,180,,1309,30,0,39,0,180,,1311,30,0,39,0,140,,1308,30,0,39,0,180,,1307,30,0,39,0,180,,1312,30,0,39,0,140,,1310,30,0,39,0,180,,1313,30,0,39,0,180,,1314,30,0,39,0,140,,1315,30,0,39,0
19100,'Fête-2-03',528,,1317,30,,,0,28,,1327,30,,,0,67,,1321,30,,,0,32,,1318,30,,,0,66,,1325,30,,,0,31,,1326,30,,,0,60,,1331,30,,,0,35,,1332,30,,,0,100,,1333,30,,,0,100,,1334,30,,,0,100,,1335,30,,,0,100,,1336,30,,,0,96,,1329,30,,,0,93,,1330,30,,,0,97,,1328,30,,,0,94,,1322,30,,,0,73,,1319,30,,,0,36,,1320,30,,,0,79,,1324,30,,,0,38,,1323,30,,,0,62,,1316,30,,,0
19100,'Semaine-02',528,,1338,30,,,0,28,,1348,30,,,0,67,,1342,30,,,0,32,,1339,30,,,0,66,,1346,30,,,0,31,,1347,30,,,0,60,,1352,30,,,0,35,,1353,30,,,0,100,,1354,30,,,0,100,,1355,30,,,0,100,,1356,30,,,0,100,,1357,30,,,0,96,,1350,30,,,0,93,,1351,30,,,0,97,,1349,30,,,0,94,,1343,30,,,0,73,,1340,30,,,0,36,,1341,30,,,0,79,,1345,30,,,0,38,,1344,30,,,0,62,,1337,30,,,0
19100,'Week-end-02',657,,1358,30,0,39,0,180,,1361,30,0,39,0,180,,1363,30,0,39,0,140,,1360,30,0,39,0,180,,1359,30,0,39,0,180,,1364,30,0,39,0,140,,1362,30,0,39,0,180,,1365,30,0,39,0,180,,1366,30,0,39,0,140,,1367,30,0,39,0
69500,'Fête-2-03',540,,2173,30,0,29 30 2 23,0,100,,2174,30,0,29 30 2 23,0,108,,2176,30,0,29 30 2 23,0,108,,2172,30,0,29 30 2 23,0
69500,'Semaine-02',540,,2178,30,0,29 30 2 23,0,100,,2179,30,0,29 30 2 23,0,108,,2181,30,0,29 30 2 23,0,108,,2177,30,0,29 30 2 23,0
69501,'Fête-2-03',1505,,2185,30,0,29 30 2 23,0,118,,2183,30,0,29 30 2 23,0,115,,2182,30,0,29 30 2 23,0,113,,2184,30,0,29 30 2 23,0,90,,2186,30,0,23,0
69501,'Semaine-02',1505,,2190,30,0,29 30 2 23,0,118,,2188,30,0,29 30 2 23,0,115,,2187,30,0,29 30 2 23,0,113,,2189,30,0,29 30 2 23,0,90,,2191,30,0,23,0
