18800,'Fête-2-03',637,,1074,260,,,0,100,,1075,360,,,0,99,,1076,360,,,0,98,,1081,360,,,0,674,,1080,360,,,0,100,,1077,360,,,0,34,,1079,360,,,0,94,,1078,360,,,0,99,,1082,360,,,0
18800,'Semaine-02',637,,1084,260,,,0,100,,1085,360,,,0,99,,1086,360,,,0,98,,1091,360,,,0,674,,1090,360,,,0,100,,1087,360,,,0,34,,1089,360,,,0,94,,1088,360,,,0,99,,1092,360,,,0
18900,'Fête-2-03',1642,,1094,460,0,29 30 2 24,0,67,,1096,460,0,29 30 2 24,0,34,,1097,460,0,29 30 2 24,0,76,,1098,460,0,29 30 2 24,0,39,,1099,460,0,29 30 2 24,0,57,,1100,460,0,29 30 2 24,0,43,,1101,460,0,29 30 2 24,0
18900,'Semaine-02',1642,,1102,460,0,29 30 2 24,0,67,,1104,460,0,29 30 2 24,0,34,,1105,460,0,29 30 2 24,0,76,,1106,460,0,29 30 2 24,0,39,,1107,460,0,29 30 2 24,0,57,,1108,460,0,29 30 2 24,0,43,,1109,460,0,29 30 2 24,0
18901,'Fête-2-03',637,,1110,430,0,29 30 2 24,0,66,,1111,460,0,29 30 2 24,0,33,,1112,460,0,29 30 2 24,0,66,,1113,460,0,29 30 2 24,0,33,,1114,460,0,29 30 2 24,0,70,,1115,460,0,29 30 2 24,0
18901,'Semaine-02',637,,1116,430,0,29 30 2 24,0,66,,1117,460,0,29 30 2 24,0,33,,1118,460,0,29 30 2 24,0,66,,1119,460,0,29 30 2 24,0,33,,1120,460,0,29 30 2 24,0,70,,1121,460,0,29 30 2 24,0
19101,'Fête-1-02',646,,1368,240,,,0,180,,1377,240,,,0,180,,1376,240,,,0,140,,1371,240,,,0,180,,1374,240,,,0,180,,1375,240,,,0,140,,1373,240,,,0,180,,1370,240,,,0,180,,1369,240,,,0,140,,1372,240,,,0
19101,'Fête-2-03',536,,1382,260,,,0,76,,1388,260,,,0,24,,1389,260,,,0,67,,1387,260,,,0,33,,1385,260,,,0,65,,1386,260,,,0,31,,1391,260,,,0,99,,1392,260,,,0,102,,1393,260,,,0,100,,1394,260,,,0,100,,1395,260,,,0,97,,1396,260,,,0,93,,1397,260,,,0,93,,1398,260,,,0,97,,1383,260,,,0,20,,1390,260,,,0,75,,1384,260,,,0,36,,1381,260,,,0,79,,1378,260,,,0,78,,1379,260,,,0,29,,1380,260,,,0
19101,'Semaine-02',536,,1403,260,,,0,76,,1409,260,,,0,24,,1410,260,,,0,67,,1408,260,,,0,33,,1406,260,,,0,65,,1407,260,,,0,31,,1412,260,,,0,99,,1413,260,,,0,102,,1414,260,,,0,100,,1415,260,,,0,100,,1416,260,,,0,97,,1417,260,,,0,93,,1418,260,,,0,93,,1419,260,,,0,97,,1404,260,,,0,20,,1411,260,,,0,75,,1405,260,,,0,36,,1402,260,,,0,79,,1399,260,,,0,78,,1400,260,,,0,29,,1401,260,,,0
19101,'Week-end-02',646,,1420,240,,,0,180,,1429,240,,,0,180,,1428,240,,,0,140,,1423,240,,,0,180,,1426,240,,,0,180,,1427,240,,,0,140,,1425,240,,,0,180,,1422,240,,,0,180,,1421,240,,,0,140,,1424,240,,,0
69500,'Fête-2-03',530,,2175,250,0,29 30 2 23,0,105,,2173,410,0,29 30 2 23,0,100,,2174,410,0,29 30 2 23,0,108,,2176,410,0,29 30 2 23,0,108,,2172,410,0,29 30 2 23,0
69500,'Semaine-02',530,,2180,250,0,29 30 2 23,0,105,,2178,410,0,29 30 2 23,0,100,,2179,410,0,29 30 2 23,0,108,,2181,410,0,29 30 2 23,0,108,,2177,410,0,29 30 2 23,0
69501,'Fête-2-03',1604,,2185,400,0,29 30 2 23,0,118,,2183,400,0,29 30 2 23,0,115,,2182,400,0,29 30 2 23,0,113,,2184,400,0,29 30 2 23,0
69501,'Semaine-02',1604,,2190,400,0,29 30 2 23,0,118,,2188,400,0,29 30 2 23,0,115,,2187,400,0,29 30 2 23,0,113,,2189,400,0,29 30 2 23,0
