19001,'Fête-1-02',645,,1214,210,,,0,90,,1231,210,,,0,90,,1232,210,,,0,90,,1233,210,,,0,90,,1229,210,,,0,50,,1230,210,,,0,90,,1228,210,,,0,90,,1225,210,,,0,90,,1223,210,,,0,90,,1215,210,,,0,90,,1220,210,,,0,50,,1227,210,,,0,90,,1216,210,,,0,90,,1217,210,,,0,90,,1224,210,,,0,90,,1219,210,,,0,90,,1226,210,,,0,50,,1222,210,,,0,90,,1221,210,,,0,90,,1218,210,,,0
19001,'Fête-2-03',535,,1247,210,,,0,79,,1237,210,,,0,21,,1238,210,,,0,67,,1251,210,,,0,33,,1241,210,,,0,65,,1236,210,,,0,30,,1245,210,,,0,71,,1258,210,,,0,54,,1250,210,,,0,146,,1248,210,,,0,100,,1246,210,,,0,100,,1244,210,,,0,55,,1249,210,,,0,100,,1259,210,,,0,148,,1243,210,,,0,30,,1253,210,,,0,75,,1254,210,,,0,35,,1255,210,,,0,77,,1256,210,,,0,38,,1257,210,,,0,70,,1235,210,,,0,92,,1239,210,,,0,90,,1252,210,,,0,103,,1242,210,,,0,91,,1234,210,,,0,102,,1240,210,,,0
19001,'Semaine-02',535,,1273,210,,,0,79,,1263,210,,,0,21,,1264,210,,,0,67,,1277,210,,,0,33,,1267,210,,,0,65,,1262,210,,,0,30,,1271,210,,,0,71,,1284,210,,,0,54,,1276,210,,,0,146,,1274,210,,,0,100,,1272,210,,,0,100,,1270,210,,,0,55,,1275,210,,,0,100,,1285,210,,,0,148,,1269,210,,,0,30,,1279,210,,,0,75,,1280,210,,,0,35,,1281,210,,,0,77,,1282,210,,,0,38,,1283,210,,,0,70,,1261,210,,,0,92,,1265,210,,,0,90,,1278,210,,,0,103,,1268,210,,,0,91,,1260,210,,,0,102,,1266,210,,,0
19001,'Week-end-02',645,,1286,210,,,0,90,,1303,210,,,0,90,,1304,210,,,0,90,,1305,210,,,0,90,,1301,210,,,0,50,,1302,210,,,0,90,,1300,210,,,0,90,,1297,210,,,0,90,,1295,210,,,0,90,,1287,210,,,0,90,,1292,210,,,0,50,,1299,210,,,0,90,,1288,210,,,0,90,,1289,210,,,0,90,,1296,210,,,0,90,,1291,210,,,0,90,,1298,210,,,0,50,,1294,210,,,0,90,,1293,210,,,0,90,,1290,210,,,0
19200,'Fête-2-03',534,,1434,280,0,29 30 2 32,0,70,,1431,340,0,29 30 2 32,0,30,,1436,340,0,29 30 2 32,0,70,,1435,340,0,29 30 2 32,0,30,,1433,340,0,29 30 2 32,0,70,,1432,340,0,29 30 2 32,0,30,,1430,340,0,29 30 2 32,0
19200,'Semaine-02',534,,1441,280,0,29 30 2 32,0,70,,1438,340,0,29 30 2 32,0,30,,1443,340,0,29 30 2 32,0,70,,1442,340,0,29 30 2 32,0,30,,1440,340,0,29 30 2 32,0,70,,1439,340,0,29 30 2 32,0,30,,1437,340,0,29 30 2 32,0
19201,'Fête-2-03',1611,,1451,330,0,29 30 2 32,0,33,,1450,330,0,29 30 2 32,0,75,,1449,330,0,29 30 2 32,0,36,,1447,330,0,29 30 2 32,0,78,,1448,330,0,29 30 2 32,0,71,,1445,330,0,29 30 2 32,0,31,,1446,330,0,29 30 2 32,0
19201,'Semaine-02',1611,,1459,330,0,29 30 2 32,0,33,,1458,330,0,29 30 2 32,0,75,,1457,330,0,29 30 2 32,0,36,,1455,330,0,29 30 2 32,0,78,,1456,330,0,29 30 2 32,0,71,,1453,330,0,29 30 2 32,0,31,,1454,330,0,29 30 2 32,0
49001,'Fête-2-03',623,,1760,150,,,0,26,,1761,150,,,0,70,,1762,150,,,0,29,,1763,150,,,0,70,,1757,150,,,0,30,,1755,150,,,0,70,,1756,150,,,0,115,,1764,150,,,0,100,,1758,150,,,0,100,,1759,150,,,0,98,,1765,150,,,0,94,,1766,150,,,0,93,,1754,150,,,0,83,,1753,150,,,0,31,,1752,150,,,0,72,,1748,150,,,0,30,,1751,150,,,0,71,,1750,150,,,0,32,,1749,150,,,0,64,,1747,150,,,0,55,,1746,150,,,0,95,,1767,150,,,0
49001,'Semaine-02',623,,1782,150,,,0,26,,1783,150,,,0,70,,1784,150,,,0,29,,1785,150,,,0,70,,1779,150,,,0,30,,1777,150,,,0,70,,1778,150,,,0,115,,1786,150,,,0,100,,1780,150,,,0,100,,1781,150,,,0,98,,1787,150,,,0,94,,1788,150,,,0,93,,1776,150,,,0,83,,1775,150,,,0,31,,1774,150,,,0,72,,1770,150,,,0,30,,1773,150,,,0,71,,1772,150,,,0,32,,1771,150,,,0,64,,1769,150,,,0,55,,1768,150,,,0,95,,1789,150,,,0
49101,'Fête-1-02',736,,1897,70,,,0,90,,1898,70,,,0,90,,1899,70,,,0,90,,1900,70,,,0,50,,1896,70,,,0,90,,1895,70,,,0,90,,1894,70,,,0,90,,1893,70,,,0,90,,1892,70,,,0,90,,1891,70,,,0,50,,1890,70,,,0,90,,1889,70,,,0,90,,1888,70,,,0,90,,1887,70,,,0,90,,1886,70,,,0,90,,1885,70,,,0,50,,1884,70,,,0,90,,1883,70,,,0,90,,1882,70,,,0
49101,'Fête-2-03',615,,1928,70,,,0,21,,1920,70,,,0,68,,1902,70,,,0,22,,1921,70,,,0,75,,1906,70,,,0,29,,1922,70,,,0,73,,1916,70,,,0,29,,1923,70,,,0,24,,1917,70,,,0,146,,1912,70,,,0,101,,1913,70,,,0,99,,1915,70,,,0,54,,1914,70,,,0,100,,1903,70,,,0,93,,1905,70,,,0,65,,1925,70,,,0,35,,1904,70,,,0,75,,1924,70,,,0,21,,1901,70,,,0,76,,1918,70,,,0,21,,1926,70,,,0,90,,1927,70,,,0,90,,1907,70,,,0,95,,1908,70,,,0,99,,1909,70,,,0,95,,1910,70,,,0,95,,1911,70,,,0,50,,1919,70,,,0
49101,'Semaine-02',615,,1956,70,,,0,21,,1948,70,,,0,68,,1930,70,,,0,22,,1949,70,,,0,75,,1934,70,,,0,29,,1950,70,,,0,73,,1944,70,,,0,29,,1951,70,,,0,24,,1945,70,,,0,146,,1940,70,,,0,101,,1941,70,,,0,99,,1943,70,,,0,54,,1942,70,,,0,100,,1931,70,,,0,93,,1933,70,,,0,65,,1953,70,,,0,35,,1932,70,,,0,75,,1952,70,,,0,21,,1929,70,,,0,76,,1946,70,,,0,21,,1954,70,,,0,90,,1955,70,,,0,90,,1935,70,,,0,95,,1936,70,,,0,99,,1937,70,,,0,95,,1938,70,,,0,95,,1939,70,,,0,50,,1947,70,,,0
49101,'Week-end-02',736,,1972,70,,,0,90,,1973,70,,,0,90,,1974,70,,,0,90,,1975,70,,,0,50,,1971,70,,,0,90,,1970,70,,,0,90,,1969,70,,,0,90,,1968,70,,,0,90,,1967,70,,,0,90,,1966,70,,,0,50,,1965,70,,,0,90,,1964,70,,,0,90,,1963,70,,,0,90,,1962,70,,,0,90,,1961,70,,,0,90,,1960,70,,,0,50,,1959,70,,,0,90,,1958,70,,,0,90,,1957,70,,,0
49301,'Fête-2-03',704,,2046,100,,,0,23,,2044,100,,,0,74,,2043,100,,,0,30,,2045,100,,,0,72,,2042,100,,,0,29,,2030,100,,,0,24,,2031,100,,,0,146,,2038,100,,,0,101,,2032,100,,,0,99,,2040,100,,,0,55,,2026,100,,,0,99,,2041,100,,,0,62,,2027,100,,,0,32,,2028,100,,,0,64,,2029,100,,,0,35,,2024,100,,,0,75,,2025,100,,,0,21,,2039,100,,,0,76,,2037,100,,,0,21,,2036,100,,,0,90,,2035,100,,,0,90,,2034,100,,,0,95,,2033,100,,,0
49301,'Semaine-02',704,,2069,100,,,0,23,,2067,100,,,0,74,,2066,100,,,0,30,,2068,100,,,0,72,,2065,100,,,0,29,,2053,100,,,0,24,,2054,100,,,0,146,,2061,100,,,0,101,,2055,100,,,0,99,,2063,100,,,0,55,,2049,100,,,0,99,,2064,100,,,0,62,,2050,100,,,0,32,,2051,100,,,0,64,,2052,100,,,0,35,,2047,100,,,0,75,,2048,100,,,0,21,,2062,100,,,0,76,,2060,100,,,0,21,,2059,100,,,0,90,,2058,100,,,0,90,,2057,100,,,0,95,,2056,100,,,0
