19000,'Fête-1-02',656,,1122,20,0,39,0,90,,1141,20,0,39,0,90,,1138,20,0,39,0,90,,1140,20,0,39,0,90,,1139,20,0,39,0,90,,1124,20,0,39,0,50,,1129,20,0,39,0,90,,1128,20,0,39,0,90,,1132,20,0,39,0,90,,1127,20,0,39,0,90,,1126,20,0,39,0,90,,1131,20,0,39,0,50,,1125,20,0,39,0,90,,1135,20,0,39,0,90,,1133,20,0,39,0,90,,1137,20,0,39,0,90,,1136,20,0,39,0,90,,1123,20,0,39,0,50,,1134,20,0,39,0,90,,1130,20,0,39,0
19000,'Fête-2-03',529,,1165,20,,,0,29,,1161,20,,,0,67,,1144,20,,,0,31,,1151,20,,,0,67,,1146,20,,,0,30,,1167,20,,,0,59,,1142,20,,,0,34,,1155,20,,,0,71,,1158,20,,,0,97,,1160,20,,,0,101,,1152,20,,,0,100,,1166,20,,,0,98,,1153,20,,,0,96,,1147,20,,,0,103,,1164,20,,,0,114,,1148,20,,,0,33,,1163,20,,,0,76,,1150,20,,,0,79,,1162,20,,,0,38,,1149,20,,,0,90,,1156,20,,,0,90,,1159,20,,,0,95,,1154,20,,,0,100,,1143,20,,,0,106,,1157,20,,,0,85,,1145,20,,,0
19000,'Semaine-02',529,,1191,20,,,0,29,,1187,20,,,0,67,,1170,20,,,0,31,,1177,20,,,0,67,,1172,20,,,0,30,,1193,20,,,0,59,,1168,20,,,0,34,,1181,20,,,0,71,,1184,20,,,0,97,,1186,20,,,0,101,,1178,20,,,0,100,,1192,20,,,0,98,,1179,20,,,0,96,,1173,20,,,0,103,,1190,20,,,0,114,,1174,20,,,0,33,,1189,20,,,0,76,,1176,20,,,0,79,,1188,20,,,0,38,,1175,20,,,0,90,,1182,20,,,0,90,,1185,20,,,0,95,,1180,20,,,0,100,,1169,20,,,0,106,,1183,20,,,0,85,,1171,20,,,0
19000,'Week-end-02',656,,1194,20,0,39,0,90,,1213,20,0,39,0,90,,1210,20,0,39,0,90,,1212,20,0,39,0,90,,1211,20,0,39,0,90,,1196,20,0,39,0,50,,1201,20,0,39,0,90,,1200,20,0,39,0,90,,1204,20,0,39,0,90,,1199,20,0,39,0,90,,1198,20,0,39,0,90,,1203,20,0,39,0,50,,1197,20,0,39,0,90,,1207,20,0,39,0,90,,1205,20,0,39,0,90,,1209,20,0,39,0,90,,1208,20,0,39,0,90,,1195,20,0,39,0,50,,1206,20,0,39,0,90,,1202,20,0,39,0
19200,'Fête-2-03',542,,1431,20,0,29 30 2 32,0,70,,1436,20,0,29 30 2 32,0,30,,1435,20,0,29 30 2 32,0,70,,1433,20,0,29 30 2 32,0,30,,1432,20,0,29 30 2 32,0,70,,1430,20,0,29 30 2 32,0
19200,'Semaine-02',542,,1438,20,0,29 30 2 32,0,70,,1443,20,0,29 30 2 32,0,30,,1442,20,0,29 30 2 32,0,70,,1440,20,0,29 30 2 32,0,30,,1439,20,0,29 30 2 32,0,70,,1437,20,0,29 30 2 32,0
19201,'Fête-2-03',1550,,1451,20,0,29 30 2 32,0,73,,1450,20,0,29 30 2 32,0,35,,1449,20,0,29 30 2 32,0,76,,1447,20,0,29 30 2 32,0,78,,1448,20,0,29 30 2 32,0,31,,1445,20,0,29 30 2 32,0,71,,1446,20,0,29 30 2 32,0,31,,1444,20,0,32,0
19201,'Semaine-02',1550,,1459,20,0,29 30 2 32,0,73,,1458,20,0,29 30 2 32,0,35,,1457,20,0,29 30 2 32,0,76,,1455,20,0,29 30 2 32,0,78,,1456,20,0,29 30 2 32,0,31,,1453,20,0,29 30 2 32,0,71,,1454,20,0,29 30 2 32,0,31,,1452,20,0,32,0
49000,'Fête-2-03',531,,1712,20,,,0,75,,1711,20,,,0,30,,1700,20,,,0,65,,1701,20,,,0,30,,1710,20,,,0,70,,1708,20,,,0,27,,1709,20,,,0,73,,1714,20,,,0,35,,1716,20,,,0,110,,1715,20,,,0,100,,1722,20,,,0,99,,1721,20,,,0,97,,1718,20,,,0,93,,1717,20,,,0,77,,1704,20,,,0,21,,1706,20,,,0,79,,1707,20,,,0,32,,1702,20,,,0,71,,1705,20,,,0,31,,1713,20,,,0,69,,1703,20,,,0,97,,1720,20,,,0,94,,1719,20,,,0
49000,'Semaine-02',531,,1735,20,,,0,75,,1734,20,,,0,30,,1723,20,,,0,65,,1724,20,,,0,30,,1733,20,,,0,70,,1731,20,,,0,27,,1732,20,,,0,73,,1737,20,,,0,35,,1739,20,,,0,110,,1738,20,,,0,100,,1745,20,,,0,99,,1744,20,,,0,97,,1741,20,,,0,93,,1740,20,,,0,77,,1727,20,,,0,21,,1729,20,,,0,79,,1730,20,,,0,32,,1725,20,,,0,71,,1728,20,,,0,31,,1736,20,,,0,69,,1726,20,,,0,97,,1743,20,,,0,94,,1742,20,,,0
49100,'Fête-1-02',656,,1804,20,,,0,90,,1805,20,,,0,90,,1806,20,,,0,90,,1807,20,,,0,90,,1808,20,,,0,90,,1800,20,,,0,50,,1801,20,,,0,90,,1803,20,,,0,90,,1793,20,,,0,90,,1790,20,,,0,90,,1797,20,,,0,90,,1792,20,,,0,50,,1798,20,,,0,90,,1796,20,,,0,90,,1799,20,,,0,90,,1791,20,,,0,90,,1794,20,,,0,90,,1795,20,,,0,50,,1802,20,,,0
49100,'Fête-2-03',546,,1828,20,,,0,80,,1809,20,,,0,20,,1829,20,,,0,68,,1810,20,,,0,32,,1830,20,,,0,65,,1811,20,,,0,31,,1831,20,,,0,74,,1821,20,,,0,91,,1822,20,,,0,109,,1823,20,,,0,100,,1832,20,,,0,100,,1825,20,,,0,92,,1820,20,,,0,98,,1812,20,,,0,22,,1824,20,,,0,75,,1813,20,,,0,24,,1833,20,,,0,73,,1814,20,,,0,35,,1834,20,,,0,21,,1815,20,,,0,96,,1835,20,,,0,90,,1826,20,,,0,90,,1817,20,,,0,95,,1818,20,,,0,100,,1819,20,,,0,94,,1816,20,,,0,95,,1827,20,,,0
49100,'Semaine-02',546,,1855,20,,,0,80,,1836,20,,,0,20,,1856,20,,,0,68,,1837,20,,,0,32,,1857,20,,,0,65,,1838,20,,,0,31,,1858,20,,,0,74,,1848,20,,,0,91,,1849,20,,,0,109,,1850,20,,,0,100,,1859,20,,,0,100,,1852,20,,,0,92,,1847,20,,,0,98,,1839,20,,,0,22,,1851,20,,,0,75,,1840,20,,,0,24,,1860,20,,,0,73,,1841,20,,,0,35,,1861,20,,,0,21,,1842,20,,,0,96,,1862,20,,,0,90,,1853,20,,,0,90,,1844,20,,,0,95,,1845,20,,,0,100,,1846,20,,,0,94,,1843,20,,,0,95,,1854,20,,,0
49100,'Week-end-02',656,,1877,20,,,0,90,,1878,20,,,0,90,,1879,20,,,0,90,,1880,20,,,0,90,,1881,20,,,0,90,,1873,20,,,0,50,,1874,20,,,0,90,,1876,20,,,0,90,,1866,20,,,0,90,,1863,20,,,0,90,,1870,20,,,0,90,,1865,20,,,0,50,,1871,20,,,0,90,,1869,20,,,0,90,,1872,20,,,0,90,,1864,20,,,0,90,,1867,20,,,0,90,,1868,20,,,0,50,,1875,20,,,0
