19000,'Fête-1-02',700,,1122,60,0,39,0,50,,1141,60,0,39,0,90,,1138,60,0,39,0,90,,1140,60,0,39,0,90,,1139,60,0,39,0,90,,1124,60,0,39,0,90,,1129,60,0,39,0,50,,1128,60,0,39,0,90,,1132,60,0,39,0,90,,1127,60,0,39,0,90,,1126,60,0,39,0,90,,1131,60,0,39,0,90,,1125,60,0,39,0,50,,1135,60,0,39,0,90,,1133,60,0,39,0,90,,1137,60,0,39,0,90,,1136,60,0,39,0,90,,1123,60,0,39,0,90,,1134,60,0,39,0,50,,1130,60,0,39,0
19000,'Fête-2-03',532,,1165,60,,,0,69,,1161,60,,,0,27,,1144,60,,,0,31,,1151,60,,,0,67,,1146,60,,,0,30,,1167,60,,,0,59,,1142,60,,,0,34,,1155,60,,,0,71,,1158,60,,,0,97,,1160,60,,,0,101,,1152,60,,,0,101,,1166,60,,,0,98,,1153,60,,,0,96,,1147,60,,,0,103,,1164,60,,,0,114,,1148,60,,,0,73,,1163,60,,,0,36,,1150,60,,,0,78,,1162,60,,,0,38,,1149,60,,,0,90,,1156,60,,,0,90,,1159,60,,,0,95,,1154,60,,,0,100,,1143,60,,,0,106,,1157,60,,,0,85,,1145,60,,,0
19000,'Semaine-02',532,,1191,60,,,0,69,,1187,60,,,0,27,,1170,60,,,0,31,,1177,60,,,0,67,,1172,60,,,0,30,,1193,60,,,0,59,,1168,60,,,0,34,,1181,60,,,0,71,,1184,60,,,0,97,,1186,60,,,0,101,,1178,60,,,0,101,,1192,60,,,0,98,,1179,60,,,0,96,,1173,60,,,0,103,,1190,60,,,0,114,,1174,60,,,0,73,,1189,60,,,0,36,,1176,60,,,0,78,,1188,60,,,0,38,,1175,60,,,0,90,,1182,60,,,0,90,,1185,60,,,0,95,,1180,60,,,0,100,,1169,60,,,0,106,,1183,60,,,0,85,,1171,60,,,0
19000,'Week-end-02',700,,1194,60,0,39,0,50,,1213,60,0,39,0,90,,1210,60,0,39,0,90,,1212,60,0,39,0,90,,1211,60,0,39,0,90,,1196,60,0,39,0,90,,1201,60,0,39,0,50,,1200,60,0,39,0,90,,1204,60,0,39,0,90,,1199,60,0,39,0,90,,1198,60,0,39,0,90,,1203,60,0,39,0,90,,1197,60,0,39,0,50,,1207,60,0,39,0,90,,1205,60,0,39,0,90,,1209,60,0,39,0,90,,1208,60,0,39,0,90,,1195,60,0,39,0,90,,1206,60,0,39,0,50,,1202,60,0,39,0
19200,'Fête-2-03',544,,1431,60,0,29 30 2 32,0,70,,1436,60,0,29 30 2 32,0,30,,1435,60,0,29 30 2 32,0,70,,1433,60,0,29 30 2 32,0,30,,1432,60,0,29 30 2 32,0,70,,1430,60,0,29 30 2 32,0
19200,'Semaine-02',544,,1438,60,0,29 30 2 32,0,70,,1443,60,0,29 30 2 32,0,30,,1442,60,0,29 30 2 32,0,70,,1440,60,0,29 30 2 32,0,30,,1439,60,0,29 30 2 32,0,70,,1437,60,0,29 30 2 32,0
19201,'Fête-2-03',1552,,1451,60,0,29 30 2 32,0,73,,1450,60,0,29 30 2 32,0,75,,1449,60,0,29 30 2 32,0,36,,1447,60,0,29 30 2 32,0,78,,1448,60,0,29 30 2 32,0,31,,1445,60,0,29 30 2 32,0,71,,1446,60,0,29 30 2 32,0,31,,1444,60,0,32,0
19201,'Semaine-02',1552,,1459,60,0,29 30 2 32,0,73,,1458,60,0,29 30 2 32,0,75,,1457,60,0,29 30 2 32,0,36,,1455,60,0,29 30 2 32,0,78,,1456,60,0,29 30 2 32,0,31,,1453,60,0,29 30 2 32,0,71,,1454,60,0,29 30 2 32,0,31,,1452,60,0,32,0
49100,'Fête-1-02',659,,1804,60,,,0,90,,1805,60,,,0,90,,1806,60,,,0,90,,1807,60,,,0,90,,1808,60,,,0,90,,1800,60,,,0,50,,1801,60,,,0,90,,1803,60,,,0,90,,1793,60,,,0,90,,1790,60,,,0,90,,1797,60,,,0,90,,1792,60,,,0,50,,1798,60,,,0,90,,1796,60,,,0,90,,1799,60,,,0,90,,1791,60,,,0,90,,1794,60,,,0,90,,1795,60,,,0,50,,1802,60,,,0
49100,'Fête-2-03',549,,1828,60,,,0,80,,1809,60,,,0,20,,1829,60,,,0,68,,1810,60,,,0,32,,1830,60,,,0,65,,1811,60,,,0,31,,1831,60,,,0,74,,1821,60,,,0,91,,1822,60,,,0,109,,1823,60,,,0,100,,1832,60,,,0,100,,1825,60,,,0,92,,1820,60,,,0,98,,1812,60,,,0,22,,1824,60,,,0,75,,1813,60,,,0,24,,1833,60,,,0,73,,1814,60,,,0,35,,1834,60,,,0,21,,1815,60,,,0,96,,1835,60,,,0,90,,1826,60,,,0,90,,1817,60,,,0,95,,1818,60,,,0,100,,1819,60,,,0,94,,1816,60,,,0,95,,1827,60,,,0
49100,'Semaine-02',549,,1855,60,,,0,80,,1836,60,,,0,20,,1856,60,,,0,68,,1837,60,,,0,32,,1857,60,,,0,65,,1838,60,,,0,31,,1858,60,,,0,74,,1848,60,,,0,91,,1849,60,,,0,109,,1850,60,,,0,100,,1859,60,,,0,100,,1852,60,,,0,92,,1847,60,,,0,98,,1839,60,,,0,22,,1851,60,,,0,75,,1840,60,,,0,24,,1860,60,,,0,73,,1841,60,,,0,35,,1861,60,,,0,21,,1842,60,,,0,96,,1862,60,,,0,90,,1853,60,,,0,90,,1844,60,,,0,95,,1845,60,,,0,100,,1846,60,,,0,94,,1843,60,,,0,95,,1854,60,,,0
49100,'Week-end-02',659,,1877,60,,,0,90,,1878,60,,,0,90,,1879,60,,,0,90,,1880,60,,,0,90,,1881,60,,,0,90,,1873,60,,,0,50,,1874,60,,,0,90,,1876,60,,,0,90,,1866,60,,,0,90,,1863,60,,,0,90,,1870,60,,,0,90,,1865,60,,,0,50,,1871,60,,,0,90,,1869,60,,,0,90,,1872,60,,,0,90,,1864,60,,,0,90,,1867,60,,,0,90,,1868,60,,,0,50,,1875,60,,,0
49300,'Fête-2-03',627,,1981,70,,,0,22,,1993,70,,,0,67,,1994,70,,,0,33,,1995,70,,,0,65,,1996,70,,,0,32,,1997,70,,,0,72,,1998,70,,,0,32,,1983,70,,,0,59,,1985,70,,,0,110,,1982,70,,,0,100,,1988,70,,,0,98,,1979,70,,,0,94,,1978,70,,,0,27,,1976,70,,,0,72,,1980,70,,,0,22,,1986,70,,,0,73,,1991,70,,,0,24,,1984,70,,,0,73,,1987,70,,,0,35,,1989,70,,,0,21,,1977,70,,,0,97,,1990,70,,,0,90,,1992,70,,,0,90,,1999,70,,,0
49300,'Semaine-02',627,,2005,70,,,0,22,,2017,70,,,0,67,,2018,70,,,0,33,,2019,70,,,0,65,,2020,70,,,0,32,,2021,70,,,0,72,,2022,70,,,0,32,,2007,70,,,0,59,,2009,70,,,0,110,,2006,70,,,0,100,,2012,70,,,0,98,,2003,70,,,0,94,,2002,70,,,0,27,,2000,70,,,0,72,,2004,70,,,0,22,,2010,70,,,0,73,,2015,70,,,0,24,,2008,70,,,0,73,,2011,70,,,0,35,,2013,70,,,0,21,,2001,70,,,0,97,,2014,70,,,0,90,,2016,70,,,0,90,,2023,70,,,0
