18800,'Fête-2-03',638,,1074,270,,,0,100,,1075,370,,,0,99,,1076,370,,,0,98,,1081,370,,,0,674,,1080,370,,,0,100,,1077,370,,,0,34,,1079,370,,,0,94,,1078,370,,,0,99,,1082,370,,,0
18800,'Semaine-02',638,,1084,270,,,0,100,,1085,370,,,0,99,,1086,370,,,0,98,,1091,370,,,0,674,,1090,370,,,0,100,,1087,370,,,0,34,,1089,370,,,0,94,,1088,370,,,0,99,,1092,370,,,0
18900,'Fête-2-03',1643,,1094,470,0,29 30 2 24,0,67,,1096,470,0,29 30 2 24,0,34,,1097,470,0,29 30 2 24,0,76,,1098,470,0,29 30 2 24,0,39,,1099,470,0,29 30 2 24,0,57,,1100,470,0,29 30 2 24,0,43,,1101,470,0,29 30 2 24,0
18900,'Semaine-02',1643,,1102,470,0,29 30 2 24,0,67,,1104,470,0,29 30 2 24,0,34,,1105,470,0,29 30 2 24,0,76,,1106,470,0,29 30 2 24,0,39,,1107,470,0,29 30 2 24,0,57,,1108,470,0,29 30 2 24,0,43,,1109,470,0,29 30 2 24,0
18901,'Fête-2-03',638,,1110,440,0,29 30 2 24,0,66,,1111,470,0,29 30 2 24,0,33,,1112,470,0,29 30 2 24,0,66,,1113,470,0,29 30 2 24,0,33,,1114,470,0,29 30 2 24,0,70,,1115,470,0,29 30 2 24,0
18901,'Semaine-02',638,,1116,440,0,29 30 2 24,0,66,,1117,470,0,29 30 2 24,0,33,,1118,470,0,29 30 2 24,0,66,,1119,470,0,29 30 2 24,0,33,,1120,470,0,29 30 2 24,0,70,,1121,470,0,29 30 2 24,0
19101,'Fête-1-02',647,,1368,250,,,0,180,,1377,250,,,0,180,,1376,250,,,0,140,,1371,250,,,0,180,,1374,250,,,0,180,,1375,250,,,0,140,,1373,250,,,0,180,,1370,250,,,0,180,,1369,250,,,0,140,,1372,250,,,0
19101,'Fête-2-03',537,,1382,270,,,0,76,,1388,270,,,0,24,,1389,270,,,0,67,,1387,270,,,0,33,,1385,270,,,0,65,,1386,270,,,0,31,,1391,270,,,0,99,,1392,270,,,0,102,,1393,270,,,0,100,,1394,270,,,0,100,,1395,270,,,0,97,,1396,270,,,0,93,,1397,270,,,0,93,,1398,270,,,0,97,,1383,270,,,0,20,,1390,270,,,0,75,,1384,270,,,0,36,,1381,270,,,0,79,,1378,270,,,0,78,,1379,270,,,0,29,,1380,270,,,0
19101,'Semaine-02',537,,1403,270,,,0,76,,1409,270,,,0,24,,1410,270,,,0,67,,1408,270,,,0,33,,1406,270,,,0,65,,1407,270,,,0,31,,1412,270,,,0,99,,1413,270,,,0,102,,1414,270,,,0,100,,1415,270,,,0,100,,1416,270,,,0,97,,1417,270,,,0,93,,1418,270,,,0,93,,1419,270,,,0,97,,1404,270,,,0,20,,1411,270,,,0,75,,1405,270,,,0,36,,1402,270,,,0,79,,1399,270,,,0,78,,1400,270,,,0,29,,1401,270,,,0
19101,'Week-end-02',647,,1420,250,,,0,180,,1429,250,,,0,180,,1428,250,,,0,140,,1423,250,,,0,180,,1426,250,,,0,180,,1427,250,,,0,140,,1425,250,,,0,180,,1422,250,,,0,180,,1421,250,,,0,140,,1424,250,,,0
69500,'Fête-2-03',531,,2175,260,0,29 30 2 23,0,105,,2173,420,0,29 30 2 23,0,100,,2174,420,0,29 30 2 23,0,108,,2176,420,0,29 30 2 23,0,108,,2172,420,0,29 30 2 23,0
69500,'Semaine-02',531,,2180,260,0,29 30 2 23,0,105,,2178,420,0,29 30 2 23,0,100,,2179,420,0,29 30 2 23,0,108,,2181,420,0,29 30 2 23,0,108,,2177,420,0,29 30 2 23,0
69501,'Fête-2-03',1605,,2185,410,0,29 30 2 23,0,118,,2183,410,0,29 30 2 23,0,115,,2182,410,0,29 30 2 23,0,113,,2184,410,0,29 30 2 23,0
69501,'Semaine-02',1605,,2190,410,0,29 30 2 23,0,118,,2188,410,0,29 30 2 23,0,115,,2187,410,0,29 30 2 23,0,113,,2189,410,0,29 30 2 23,0
