19000,'Fête-1-03',657,,2226,30,0,40,0,90,,2245,30,0,40,0,90,,2242,30,0,40,0,90,,2244,30,0,40,0,90,,2243,30,0,40,0,90,,2228,30,0,40,0,50,,2233,30,0,40,0,90,,2232,30,0,40,0,90,,2236,30,0,40,0,90,,2231,30,0,40,0,90,,2230,30,0,40,0,90,,2235,30,0,40,0,50,,2229,30,0,40,0,90,,2239,30,0,40,0,90,,2237,30,0,40,0,90,,2241,30,0,40,0,90,,2240,30,0,40,0,90,,2227,30,0,40,0,50,,2238,30,0,40,0,90,,2234,30,0,40,0
19000,'Semaine-06',529,,2269,30,,,0,29,,2265,30,,,0,67,,2248,30,,,0,31,,2255,30,,,0,67,,2250,30,,,0,30,,2271,30,,,0,59,,2246,30,,,0,34,,2259,30,,,0,71,,2262,30,,,0,97,,2264,30,,,0,101,,2256,30,,,0,101,,2270,30,,,0,98,,2257,30,,,0,96,,2251,30,,,0,103,,2268,30,,,0,114,,2252,30,,,0,73,,2267,30,,,0,36,,2254,30,,,0,78,,2266,30,,,0,38,,2253,30,,,0,90,,2260,30,,,0,90,,2263,30,,,0,95,,2258,30,,,0,100,,2247,30,,,0,106,,2261,30,,,0,85,,2249,30,,,0
19000,'Week-end-02',657,,1612,30,0,40,0,90,,1631,30,0,40,0,90,,1628,30,0,40,0,90,,1630,30,0,40,0,90,,1629,30,0,40,0,90,,1614,30,0,40,0,50,,1619,30,0,40,0,90,,1618,30,0,40,0,90,,1622,30,0,40,0,90,,1617,30,0,40,0,90,,1616,30,0,40,0,90,,1621,30,0,40,0,50,,1615,30,0,40,0,90,,1625,30,0,40,0,90,,1623,30,0,40,0,90,,1627,30,0,40,0,90,,1626,30,0,40,0,90,,1613,30,0,40,0,50,,1624,30,0,40,0,90,,1620,30,0,40,0
19200,'Semaine-06',543,,2381,30,0,29 30 2 32,0,70,,2386,30,0,29 30 2 32,0,30,,2385,30,0,29 30 2 32,0,70,,2383,30,0,29 30 2 32,0,30,,2382,30,0,29 30 2 32,0,70,,2380,30,0,29 30 2 32,0
19201,'Semaine-06',1551,,2394,30,0,29 30 2 32,0,73,,2393,30,0,29 30 2 32,0,35,,2392,30,0,29 30 2 32,0,76,,2390,30,0,29 30 2 32,0,78,,2391,30,0,29 30 2 32,0,31,,2388,30,0,29 30 2 32,0,71,,2389,30,0,29 30 2 32,0,31,,2387,30,0,32,0
49000,'Semaine-06',532,,2527,30,,,0,75,,2526,30,,,0,30,,2515,30,,,0,65,,2516,30,,,0,30,,2525,30,,,0,70,,2523,30,,,0,27,,2524,30,,,0,73,,2529,30,,,0,35,,2531,30,,,0,110,,2530,30,,,0,100,,2537,30,,,0,99,,2536,30,,,0,97,,2533,30,,,0,93,,2532,30,,,0,77,,2519,30,,,0,21,,2521,30,,,0,79,,2522,30,,,0,32,,2517,30,,,0,71,,2520,30,,,0,31,,2528,30,,,0,69,,2518,30,,,0,97,,2535,30,,,0,94,,2534,30,,,0
49100,'Fête-1-03',657,,2574,30,,,0,90,,2575,30,,,0,90,,2576,30,,,0,90,,2577,30,,,0,90,,2578,30,,,0,90,,2570,30,,,0,50,,2571,30,,,0,90,,2573,30,,,0,90,,2563,30,,,0,90,,2560,30,,,0,90,,2567,30,,,0,90,,2562,30,,,0,50,,2568,30,,,0,90,,2566,30,,,0,90,,2569,30,,,0,90,,2561,30,,,0,90,,2564,30,,,0,90,,2565,30,,,0,50,,2572,30,,,0
49100,'Semaine-06',547,,2598,30,,,0,80,,2579,30,,,0,20,,2599,30,,,0,68,,2580,30,,,0,32,,2600,30,,,0,65,,2581,30,,,0,31,,2601,30,,,0,74,,2591,30,,,0,91,,2592,30,,,0,109,,2593,30,,,0,100,,2602,30,,,0,100,,2595,30,,,0,92,,2590,30,,,0,98,,2582,30,,,0,22,,2594,30,,,0,75,,2583,30,,,0,24,,2603,30,,,0,73,,2584,30,,,0,35,,2604,30,,,0,21,,2585,30,,,0,96,,2605,30,,,0,90,,2596,30,,,0,90,,2587,30,,,0,95,,2588,30,,,0,100,,2589,30,,,0,94,,2586,30,,,0,95,,2597,30,,,0
49100,'Week-end-02',657,,1961,30,,,0,90,,1962,30,,,0,90,,1963,30,,,0,90,,1964,30,,,0,90,,1965,30,,,0,90,,1957,30,,,0,50,,1958,30,,,0,90,,1960,30,,,0,90,,1950,30,,,0,90,,1947,30,,,0,90,,1954,30,,,0,90,,1949,30,,,0,50,,1955,30,,,0,90,,1953,30,,,0,90,,1956,30,,,0,90,,1948,30,,,0,90,,1951,30,,,0,90,,1952,30,,,0,50,,1959,30,,,0
49300,'Semaine-06',625,,2658,40,,,0,22,,2670,40,,,0,67,,2671,40,,,0,33,,2672,40,,,0,65,,2673,40,,,0,32,,2674,40,,,0,72,,2675,40,,,0,32,,2660,40,,,0,59,,2662,40,,,0,110,,2659,40,,,0,100,,2665,40,,,0,98,,2656,40,,,0,94,,2655,40,,,0,27,,2653,40,,,0,72,,2657,40,,,0,22,,2663,40,,,0,73,,2668,40,,,0,24,,2661,40,,,0,73,,2664,40,,,0,35,,2666,40,,,0,21,,2654,40,,,0,97,,2667,40,,,0,90,,2669,40,,,0,90,,2676,40,,,0
