19000,'Fête-1-01',659,,1875,50,0,40,0,90,,1894,50,0,40,0,90,,1891,50,0,40,0,90,,1893,50,0,40,0,90,,1892,50,0,40,0,90,,1877,50,0,40,0,50,,1882,50,0,40,0,90,,1881,50,0,40,0,90,,1885,50,0,40,0,90,,1880,50,0,40,0,90,,1879,50,0,40,0,90,,1884,50,0,40,0,50,,1878,50,0,40,0,90,,1888,50,0,40,0,90,,1886,50,0,40,0,90,,1890,50,0,40,0,90,,1889,50,0,40,0,90,,1876,50,0,40,0,50,,1887,50,0,40,0,90,,1883,50,0,40,0
19000,'Semaine-01',531,,1918,50,,,0,69,,1914,50,,,0,27,,1897,50,,,0,31,,1904,50,,,0,67,,1899,50,,,0,30,,1920,50,,,0,59,,1895,50,,,0,34,,1908,50,,,0,71,,1911,50,,,0,97,,1913,50,,,0,101,,1905,50,,,0,101,,1919,50,,,0,98,,1906,50,,,0,96,,1900,50,,,0,103,,1917,50,,,0,114,,1901,50,,,0,73,,1916,50,,,0,36,,1903,50,,,0,78,,1915,50,,,0,38,,1902,50,,,0,90,,1909,50,,,0,90,,1912,50,,,0,95,,1907,50,,,0,100,,1896,50,,,0,106,,1910,50,,,0,85,,1898,50,,,0
19000,'Week-end-01',659,,1921,50,0,40,0,90,,1940,50,0,40,0,90,,1937,50,0,40,0,90,,1939,50,0,40,0,90,,1938,50,0,40,0,90,,1923,50,0,40,0,50,,1928,50,0,40,0,90,,1927,50,0,40,0,90,,1931,50,0,40,0,90,,1926,50,0,40,0,90,,1925,50,0,40,0,90,,1930,50,0,40,0,50,,1924,50,0,40,0,90,,1934,50,0,40,0,90,,1932,50,0,40,0,90,,1936,50,0,40,0,90,,1935,50,0,40,0,90,,1922,50,0,40,0,50,,1933,50,0,40,0,90,,1929,50,0,40,0
19200,'Semaine-01',544,,2090,50,0,29 30 2 32,0,70,,2095,50,0,29 30 2 32,0,30,,2094,50,0,29 30 2 32,0,70,,2092,50,0,29 30 2 32,0,30,,2091,50,0,29 30 2 32,0,70,,2089,50,0,29 30 2 32,0
19201,'Semaine-01',1552,,2103,50,0,29 30 2 32,0,73,,2102,50,0,29 30 2 32,0,75,,2101,50,0,29 30 2 32,0,36,,2099,50,0,29 30 2 32,0,78,,2100,50,0,29 30 2 32,0,31,,2097,50,0,29 30 2 32,0,71,,2098,50,0,29 30 2 32,0,31,,2096,50,0,32,0
49000,'Semaine-01',609,,2253,50,,,0,30,,2242,50,,,0,65,,2243,50,,,0,30,,2252,50,,,0,70,,2250,50,,,0,27,,2251,50,,,0,73,,2255,50,,,0,35,,2257,50,,,0,110,,2256,50,,,0,100,,2263,50,,,0,99,,2262,50,,,0,97,,2259,50,,,0,93,,2258,50,,,0,77,,2246,50,,,0,34,,2248,50,,,0,66,,2249,50,,,0,32,,2244,50,,,0,71,,2247,50,,,0,31,,2254,50,,,0,69,,2245,50,,,0,97,,2261,50,,,0,94,,2260,50,,,0
49100,'Fête-1-01',659,,2300,50,,,0,90,,2301,50,,,0,90,,2302,50,,,0,90,,2303,50,,,0,90,,2304,50,,,0,90,,2296,50,,,0,50,,2297,50,,,0,90,,2299,50,,,0,90,,2289,50,,,0,90,,2286,50,,,0,90,,2293,50,,,0,90,,2288,50,,,0,50,,2294,50,,,0,90,,2292,50,,,0,90,,2295,50,,,0,90,,2287,50,,,0,90,,2290,50,,,0,90,,2291,50,,,0,50,,2298,50,,,0
49100,'Semaine-01',531,,2332,50,,,0,18,,2324,50,,,0,80,,2305,50,,,0,20,,2325,50,,,0,68,,2306,50,,,0,32,,2326,50,,,0,65,,2307,50,,,0,31,,2327,50,,,0,74,,2317,50,,,0,91,,2318,50,,,0,109,,2319,50,,,0,100,,2328,50,,,0,100,,2321,50,,,0,92,,2316,50,,,0,98,,2308,50,,,0,22,,2320,50,,,0,75,,2309,50,,,0,24,,2329,50,,,0,73,,2310,50,,,0,35,,2330,50,,,0,21,,2311,50,,,0,96,,2331,50,,,0,90,,2322,50,,,0,90,,2313,50,,,0,95,,2314,50,,,0,100,,2315,50,,,0,94,,2312,50,,,0,95,,2323,50,,,0
49100,'Week-end-01',659,,2347,50,,,0,90,,2348,50,,,0,90,,2349,50,,,0,90,,2350,50,,,0,90,,2351,50,,,0,90,,2343,50,,,0,50,,2344,50,,,0,90,,2346,50,,,0,90,,2336,50,,,0,90,,2333,50,,,0,90,,2340,50,,,0,90,,2335,50,,,0,50,,2341,50,,,0,90,,2339,50,,,0,90,,2342,50,,,0,90,,2334,50,,,0,90,,2337,50,,,0,90,,2338,50,,,0,50,,2345,50,,,0
49300,'Semaine-01',627,,2422,60,,,0,89,,2430,60,,,0,98,,2431,60,,,0,104,,2432,60,,,0,91,,2424,60,,,0,110,,2423,60,,,0,100,,2426,60,,,0,98,,2420,60,,,0,94,,2419,60,,,0,99,,2421,60,,,0,95,,2428,60,,,0,97,,2425,60,,,0,56,,2418,60,,,0,97,,2427,60,,,0,90,,2429,60,,,0,90,,2433,60,,,0
