18800,72986,1,0
18800,72623,2,0
18800,71852,3,0
18800,71977,4,0
18800,72816,5,0
18800,72841,6,0
18800,72593,7,0
18800,72591,8,0
18800,72589,9,0
18800,72595,10,0
18800,71863,11,0
18800,72007,12,0
18800,72014,13,0
18800,72016,14,0
18800,72017,15,0
18800,72018,16,0
18800,72015,17,0
18800,72019,18,0
18800,71975,19,0
18800,71974,20,0
18800,71973,21,0
18800,72008,22,0
18800,72009,23,0
18800,72010,24,0
18800,72011,25,0
18800,72012,26,0
18800,72977,27,0
18800,72013,28,0
18800,72588,29,0
18800,72590,30,0
18800,72592,31,0
18800,72594,32,0
18800,72842,33,0
18800,72817,34,0
18800,71972,35,0
18800,72844,36,0
18800,72621,37,0
18900,72983,1,0
18900,72623,2,0
18900,71852,3,0
18900,72538,4,0
18900,72535,5,0
18900,72534,6,0
18900,72531,7,0
18900,72529,8,0
18900,72527,9,0
18900,72525,10,0
18900,72523,11,0
18900,72521,12,0
18900,72519,13,0
18900,72518,14,0
18900,72516,15,0
18900,72514,16,0
18900,72511,17,0
18900,72509,18,0
18900,72507,19,0
18900,72506,20,0
18900,72501,21,0
18900,72499,22,0
18900,72497,23,0
18900,72495,24,0
18900,72493,25,0
18900,72491,26,0
18900,72489,27,0
18900,72487,28,0
18900,72485,29,0
18900,72483,30,0
18900,72481,31,0
18900,72479,32,0
18900,72477,33,0
18900,72544,34,0
18900,72547,35,0
18900,72542,36,0
18900,72474,37,0
18900,72469,38,0
18900,72467,39,0
18900,72459,40,0
18900,72464,41,0
18900,72462,42,0
18900,72548,43,0
18900,72546,44,0
18900,72504,45,0
18900,72844,46,0
18900,72621,47,0
18901,72983,1,0
18901,72623,2,0
18901,71852,3,0
18901,72505,4,0
18901,72539,5,0
18901,72549,6,0
18901,72463,7,0
18901,72465,8,0
18901,72466,9,0
18901,72468,10,0
18901,72470,11,0
18901,72475,12,0
18901,72543,13,0
18901,72476,14,0
18901,72545,15,0
18901,72478,16,0
18901,72480,17,0
18901,72482,18,0
18901,72484,19,0
18901,72486,20,0
18901,72488,21,0
18901,72490,22,0
18901,72492,23,0
18901,72494,24,0
18901,72496,25,0
18901,72498,26,0
18901,72500,27,0
18901,72502,28,0
18901,72503,29,0
18901,72508,30,0
18901,72510,31,0
18901,72512,32,0
18901,72513,33,0
18901,72515,34,0
18901,72517,35,0
18901,72520,36,0
18901,72522,37,0
18901,72524,38,0
18901,72526,39,0
18901,72528,40,0
18901,72530,41,0
18901,72532,42,0
18901,72533,43,0
18901,72536,44,0
18901,72537,45,0
18901,72844,46,0
18901,72621,47,0
19000,72982,1,0
19000,72748,2,0
19000,72960,3,0
19000,72711,4,0
19000,72618,5,0
19000,72739,6,0
19000,71849,7,0
19000,72726,8,0
19000,72753,9,0
19000,72866,10,0
19000,72840,11,0
19000,72850,12,0
19000,72688,13,0
19000,72686,14,0
19000,72555,15,0
19000,72684,16,0
19000,72556,17,0
19000,72559,18,0
19000,72561,19,0
19000,72562,20,0
19000,72564,21,0
19000,72742,22,0
19000,72586,23,0
19000,72946,24,1
19000,72600,25,0
19000,72917,26,1
19001,72917,1,0
19001,72946,2,0
19001,72587,3,0
19001,72740,4,0
19001,72565,5,0
19001,72563,6,0
19001,72560,7,0
19001,72558,8,0
19001,72557,9,0
19001,72683,10,0
19001,72554,11,0
19001,72685,12,0
19001,72687,13,0
19001,72849,14,0
19001,72839,15,0
19001,72865,16,0
19001,72906,17,0
19001,72752,18,0
19001,72724,19,0
19001,71848,20,0
19001,72914,21,0
19001,72617,22,0
19001,72712,23,0
19001,72961,24,0
19001,72750,25,0
19001,72982,26,1
19100,72981,1,0
19100,72623,2,0
19100,71852,3,0
19100,72759,4,0
19100,72872,5,0
19100,72874,6,0
19100,72876,7,0
19100,72884,8,0
19100,72886,9,0
19100,71987,10,0
19100,71951,11,0
19100,71952,12,0
19100,71953,13,0
19100,71954,14,0
19100,71950,15,0
19100,71949,16,0
19100,72650,17,0
19100,72744,18,0
19100,72614,19,0
19100,72881,20,0
19100,72652,21,0
19100,72715,22,0
19100,72924,23,0
19100,72933,24,0
19100,72552,25,0
19100,72833,26,0
19100,72600,27,0
19100,72917,28,1
19100,72946,29,1
19101,72946,1,0
19101,72587,2,0
19101,72586,3,0
19101,72917,4,0
19101,72831,5,0
19101,72553,6,0
19101,72934,7,0
19101,72925,8,0
19101,72716,9,0
19101,72653,10,0
19101,72882,11,0
19101,72616,12,0
19101,72745,13,0
19101,72651,14,0
19101,72823,15,0
19101,72835,16,0
19101,72729,17,0
19101,72730,18,0
19101,72731,19,0
19101,72836,20,0
19101,72837,21,0
19101,72883,22,0
19101,72875,23,0
19101,72873,24,0
19101,72871,25,0
19101,72758,26,0
19101,72844,27,0
19101,72621,28,0
19101,72981,29,1
19200,72979,1,0
19200,72748,2,0
19200,72960,3,0
19200,72711,4,0
19200,72618,5,0
19200,72739,6,0
19200,72828,7,0
19200,72698,8,0
19200,72702,9,0
19200,72704,10,0
19200,72696,11,0
19200,72705,12,0
19200,72707,13,0
19200,72710,14,0
19200,72916,15,0
19200,72901,16,0
19200,72577,17,0
19200,72579,18,0
19200,72581,19,0
19200,72567,20,0
19200,72568,21,0
19200,72570,22,0
19200,72626,23,0
19200,72722,24,0
19200,72720,25,0
19200,72789,26,0
19200,71840,27,0
19200,72585,28,0
19200,72819,29,0
19200,72728,30,0
19200,72825,31,0
19200,72968,32,0
19200,72914,33,0
19200,72617,34,0
19200,72712,35,0
19200,72961,36,0
19200,72750,37,0
19201,72979,1,0
19201,72748,2,0
19201,72960,3,0
19201,72711,4,0
19201,72618,5,0
19201,72739,6,0
19201,72824,7,0
19201,72727,8,0
19201,72818,9,0
19201,72584,10,0
19201,72800,11,0
19201,71839,12,0
19201,72719,13,0
19201,72721,14,0
19201,72625,15,0
19201,72569,16,0
19201,72596,17,0
19201,72566,18,0
19201,72582,19,0
19201,72580,20,0
19201,72578,21,0
19201,72902,22,0
19201,72915,23,0
19201,72709,24,0
19201,72708,25,0
19201,72706,26,0
19201,72695,27,0
19201,72703,28,0
19201,72701,29,0
19201,72697,30,0
19201,72829,31,0
19201,72914,32,0
19201,72617,33,0
19201,72712,34,0
19201,72961,35,0
19201,72750,36,0
19300,72978,1,0
19300,72911,2,0
19300,72895,3,0
19300,72880,4,0
19300,72868,5,0
19300,72859,6,0
19300,72945,7,0
19300,72943,8,0
19300,72606,9,0
19300,72941,10,0
19300,72940,11,0
19300,72939,12,0
19300,71946,13,0
19300,72664,14,0
19300,72665,15,0
19300,72771,16,0
19300,72768,17,0
19300,72766,18,0
19300,72764,19,0
19300,72762,20,0
19300,72760,21,0
19300,71995,22,0
19300,71828,23,0
19300,71851,24,0
19300,72654,25,0
19300,71827,26,0
19300,72966,27,0
19300,72622,28,0
19401,72980,1,0
19401,72624,2,0
19401,72967,3,0
19401,72757,4,0
19401,71826,5,0
19401,72682,6,0
19401,71993,7,0
19401,71994,8,0
19401,72759,9,0
19401,72761,10,0
19401,72763,11,0
19401,72765,12,0
19401,72767,13,0
19401,72769,14,0
19401,71992,15,0
19401,71853,16,0
19401,71991,17,0
19401,71806,18,0
19401,71990,19,0
19401,71989,20,0
19401,71988,21,0
19401,71825,22,0
19401,71824,23,0
19401,71823,24,0
19401,72942,25,0
19401,72944,26,0
19401,72858,27,0
19401,72867,28,0
19401,72878,29,0
19401,72896,30,0
19401,72912,31,0
20001,72946,1,0
20001,72587,2,0
20001,72586,3,0
20001,72600,4,0
20001,72917,5,0
20001,71822,6,0
20001,72612,7,0
20001,72620,8,0
20001,72610,9,0
20001,72648,10,0
20001,72646,11,0
20001,72644,12,0
20001,72642,13,0
20001,72550,14,0
20001,72640,15,0
20001,72638,16,0
20001,72609,17,0
20001,72619,18,0
20001,72611,19,0
20001,72607,20,0
20001,72899,21,0
21000,71930,1,0
21000,72354,2,0
21000,72996,3,0
21000,72356,4,0
21000,72962,5,0
21000,72358,6,0
21000,71985,7,0
21000,72352,8,0
21000,71831,9,0
21000,72282,10,0
21000,72286,11,0
21000,72307,12,0
21000,72398,13,0
21000,72311,14,0
21000,72314,15,0
21000,72325,16,0
21000,72333,17,0
21000,72336,18,0
21000,72348,19,0
21000,72340,20,0
21000,72341,21,0
21000,71830,22,0
21000,71984,23,0
21000,72402,24,0
21000,72385,25,0
21000,72386,26,0
21000,72394,27,0
21000,71982,28,0
21000,71983,29,0
21000,72097,30,0
21000,72101,31,0
21000,72037,32,0
21000,72068,33,0
21000,72998,34,1
21001,72998,1,0
21001,72069,2,0
21001,72039,3,0
21001,71833,4,0
21001,72103,5,0
21001,71981,6,0
21001,71980,7,0
21001,72395,8,0
21001,71832,9,0
21001,72384,10,0
21001,72400,11,0
21001,72316,12,0
21001,71829,13,0
21001,72342,14,0
21001,72317,15,0
21001,72349,16,0
21001,72337,17,0
21001,72324,18,0
21001,72313,19,0
21001,72312,20,0
21001,72399,21,0
21001,72308,22,0
21001,72287,23,0
21001,72283,24,0
21001,72410,25,0
21001,71979,26,0
21001,71978,27,0
21001,72359,28,0
21001,72963,29,0
21001,72357,30,0
21001,72995,31,0
21001,72355,32,0
21001,71997,33,1
21100,72997,1,0
21100,72069,2,0
21100,72039,3,0
21100,72094,4,0
21100,72190,5,0
21100,72217,6,0
21100,72096,7,0
21100,72116,8,0
21100,72188,9,0
21100,72182,10,0
21100,72154,11,0
21100,72246,12,0
21100,72193,13,0
21100,72263,14,0
21100,72226,15,0
21100,72230,16,0
21100,72228,17,0
21100,72130,18,0
21100,72232,19,0
21100,72236,20,0
21100,72125,21,0
21100,72126,22,0
21100,72127,23,0
21100,72172,24,0
21100,71864,25,0
21100,72235,26,0
21100,72156,27,0
21100,72244,28,0
21100,72242,29,0
21100,72132,30,0
21100,72240,31,0
21100,71820,32,0
21100,72136,33,0
21100,72137,34,0
21100,72140,35,0
21100,72142,36,0
21100,72144,37,0
21100,72145,38,0
21100,72147,39,0
21100,72151,40,0
21100,72149,41,0
21100,72191,42,0
21100,72209,43,0
21100,72237,44,0
21100,72247,45,0
21100,72278,46,0
21100,72245,47,0
21100,72153,48,0
21100,72181,49,0
21100,72187,50,0
21100,72115,51,0
21100,72095,52,0
21100,72035,53,0
21100,72189,54,0
21100,72036,55,0
21100,72038,56,0
21100,72068,57,0
21101,72997,1,0
21101,72069,2,0
21101,72039,3,0
21101,72094,4,0
21101,72190,5,0
21101,72217,6,0
21101,72096,7,0
21101,72116,8,0
21101,72188,9,0
21101,72182,10,0
21101,72154,11,0
21101,72246,12,0
21101,72279,13,0
21101,72248,14,0
21101,72238,15,0
21101,72210,16,0
21101,72192,17,0
21101,72150,18,0
21101,72152,19,0
21101,72148,20,0
21101,72146,21,0
21101,72143,22,0
21101,72141,23,0
21101,72139,24,0
21101,71821,25,0
21101,72135,26,0
21101,72133,27,0
21101,72239,28,0
21101,72131,29,0
21101,72241,30,0
21101,72243,31,0
21101,72155,32,0
21101,71819,33,0
21101,72125,34,0
21101,72126,35,0
21101,72127,36,0
21101,72172,37,0
21101,71864,38,0
21101,72235,39,0
21101,72231,40,0
21101,72129,41,0
21101,72227,42,0
21101,72229,43,0
21101,72225,44,0
21101,72264,45,0
21101,72194,46,0
21101,72245,47,0
21101,72153,48,0
21101,72181,49,0
21101,72187,50,0
21101,72115,51,0
21101,72095,52,0
21101,72035,53,0
21101,72189,54,0
21101,72036,55,0
21101,72038,56,0
21101,72068,57,0
21200,72999,1,0
21200,72121,2,0
21200,72071,3,0
21200,72065,4,0
21200,72063,5,0
21200,72093,6,0
21200,72079,7,0
21200,72082,8,0
21200,72091,9,0
21200,72218,10,0
21200,72220,11,0
21200,72165,12,0
21200,72222,13,0
21200,72223,14,0
21200,72953,15,0
21200,72262,16,0
21200,72266,17,0
21200,72268,18,0
21200,71818,19,0
21200,72954,20,0
21200,72271,21,0
21200,72273,22,0
21200,72275,23,0
21200,72224,24,0
21200,72221,25,0
21200,72164,26,0
21200,72219,27,0
21200,72277,28,0
21200,72090,29,0
21200,72081,30,0
21200,72078,31,0
21200,72092,32,0
21200,72061,33,0
21200,72064,34,0
21200,72070,35,0
21200,72122,36,0
49000,72987,1,0
49000,72748,2,0
49000,72960,3,0
49000,72711,4,0
49000,72618,5,0
49000,72938,6,0
49000,72928,7,0
49000,72717,8,0
49000,72694,9,0
49000,72723,10,0
49000,72597,11,0
49000,72713,12,0
49000,71844,13,0
49000,72699,14,0
49000,71845,15,0
49000,71958,16,0
49000,71813,17,1
49001,71813,1,0
49001,72799,2,0
49001,72976,3,0
49001,72860,4,0
49001,72629,5,0
49001,71843,6,0
49001,72853,7,0
49001,71842,8,0
49001,72598,9,0
49001,72725,10,0
49001,72693,11,0
49001,72718,12,0
49001,72930,13,0
49001,72937,14,0
49001,72617,15,0
49001,72712,16,0
49001,72961,17,0
49001,72750,18,0
49001,72987,19,1
49100,72988,1,0
49100,72748,2,0
49100,72960,3,0
49100,72711,4,0
49100,72618,5,0
49100,72739,6,0
49100,71812,7,1
49101,71812,1,0
49101,72799,2,0
49101,72976,3,0
49101,71963,4,0
49101,71841,5,0
49101,72914,6,0
49101,72617,7,0
49101,72712,8,0
49101,72961,9,0
49101,72750,10,0
49101,72988,11,1
49300,72984,1,0
49300,72911,2,0
49300,72749,3,0
49300,72960,4,0
49300,72711,5,0
49300,72618,6,0
49300,72739,7,0
49300,72824,8,0
49300,72796,9,0
49300,72994,10,0
49300,72803,11,0
49300,72798,12,0
49300,72799,13,0
49300,72805,14,0
49300,72452,15,1
49300,72453,16,1
49301,72453,1,0
49301,72454,2,0
49301,72802,3,0
49301,72797,4,0
49301,72804,5,0
49301,72993,6,0
49301,72795,7,0
49301,72968,8,0
49301,72914,9,0
49301,72617,10,0
49301,72712,11,0
49301,72961,12,0
49301,72750,13,0
49301,71816,14,0
49301,72984,15,1
59100,72946,1,0
59100,72587,2,0
59100,72586,3,0
59100,72351,4,0
59100,71830,5,0
59100,71982,6,0
59100,71983,7,0
59100,72097,8,0
59100,72101,9,0
59100,72037,10,0
59100,72068,11,0
59100,72040,12,0
59100,71971,13,1
59101,71971,1,0
59101,72040,2,0
59101,72069,3,0
59101,72039,4,0
59101,71833,5,0
59101,72103,6,0
59101,71981,7,0
59101,71980,8,0
59101,72350,9,0
59101,72310,10,0
59101,72946,11,1
59300,71858,1,0
59300,72193,2,0
59300,72954,3,0
59300,72255,4,0
59300,72955,5,0
59300,72213,6,0
59300,72215,7,0
59300,72048,8,0
59300,72046,9,0
59300,72050,10,0
59300,72052,11,0
59300,71838,12,0
59300,72078,13,0
59300,72092,14,0
59300,72061,15,0
59300,72064,16,0
59300,72070,17,0
59300,72122,18,0
59300,72040,19,0
59300,72450,20,1
59300,72447,21,1
59300,72448,22,1
59301,72448,1,0
59301,72451,2,0
59301,72040,3,0
59301,71807,4,0
59301,72065,5,0
59301,72063,6,0
59301,72093,7,0
59301,72079,8,0
59301,71837,9,0
59301,71955,10,0
59301,72051,11,0
59301,72047,12,0
59301,72049,13,0
59301,72216,14,0
59301,72214,15,0
59301,72212,16,0
59301,72256,17,0
59301,72958,18,0
59301,72969,19,0
59301,71858,20,1
69500,72985,1,0
69500,72623,2,0
69500,71852,3,0
69500,72460,4,0
69500,72471,5,0
69500,72814,6,0
69500,72811,7,0
69500,72809,8,0
69500,72815,9,0
69500,72806,10,0
69500,72412,11,0
69500,72413,12,0
69500,72444,13,0
69500,72442,14,0
69500,72440,15,0
69500,72431,16,0
69500,72437,17,0
69500,72436,18,0
69500,72435,19,0
69500,72434,20,0
69500,72433,21,0
69500,72438,22,0
69500,72432,23,0
69500,72430,24,0
69500,72428,25,0
69500,72426,26,0
69500,72416,27,0
69500,72423,28,0
69500,72421,29,0
69500,72420,30,0
69500,72446,31,0
69500,72414,32,0
69500,72844,33,0
69500,72621,34,0
69501,72985,1,0
69501,72623,2,0
69501,71852,3,0
69501,72460,4,0
69501,72471,5,0
69501,72814,6,0
69501,72811,7,0
69501,72809,8,0
69501,72815,9,0
69501,72806,10,0
69501,72412,11,0
69501,72413,12,0
69501,72445,13,0
69501,72419,14,0
69501,72422,15,0
69501,72424,16,0
69501,72415,17,0
69501,72425,18,0
69501,72427,19,0
69501,72429,20,0
69501,72431,21,0
69501,72437,22,0
69501,72436,23,0
69501,72435,24,0
69501,72434,25,0
69501,72433,26,0
69501,72438,27,0
69501,72432,28,0
69501,72439,29,0
69501,72441,30,0
69501,72443,31,0
69501,72844,32,0
69501,72621,33,0
79000,72917,1,0
79000,72351,2,0
79000,72309,3,0
79000,72342,4,0
79000,72317,5,0
79000,72349,6,0
79000,72337,7,0
79000,72324,8,0
79000,72397,9,0
79000,72320,10,0
79000,72285,11,0
79000,72370,12,0
79000,72321,13,0
79000,72362,14,0
79000,72294,15,0
79000,72378,16,0
79000,72382,17,0
79000,72327,18,0
79000,72376,19,0
79000,72291,20,0
79000,72288,21,0
79000,72097,22,0
79000,72101,23,0
79000,72037,24,0
79000,72042,25,0
79000,72024,26,0
79000,72066,27,0
79000,72070,28,0
79000,71810,29,1
79001,71810,1,0
79001,71807,2,0
79001,72067,3,0
79001,72026,4,0
79001,72043,5,0
79001,71833,6,0
79001,72103,7,0
79001,72289,8,0
79001,72292,9,0
79001,72375,10,0
79001,72326,11,0
79001,72377,12,0
79001,72293,13,0
79001,72363,14,0
79001,72322,15,0
79001,72372,16,0
79001,72284,17,0
79001,72319,18,0
79001,72396,19,0
79001,72333,20,0
79001,72336,21,0
79001,72348,22,0
79001,72340,23,0
79001,72341,24,0
79001,72350,25,0
79001,72310,26,0
79001,72600,27,0
79001,72917,28,1
79300,72946,1,0
79300,72587,2,0
79300,72586,3,0
79300,72351,4,0
79300,72309,5,0
79300,72342,6,0
79300,72317,7,0
79300,72349,8,0
79300,72337,9,0
79300,72324,10,0
79300,72397,11,0
79300,72320,12,0
79300,72285,13,0
79300,72370,14,0
79300,72321,15,0
79300,72362,16,0
79300,72294,17,0
79300,72378,18,0
79300,72382,19,0
79300,72327,20,0
79300,72376,21,0
79300,72291,22,0
79300,72288,23,0
79300,72097,24,0
79300,72101,25,0
79300,72037,26,0
79300,72042,27,0
79300,72024,28,0
79300,72066,29,0
79300,72070,30,0
79300,72122,31,0
79300,72041,32,0
79300,72450,33,1
79300,72447,34,1
79300,72448,35,1
79301,72448,1,0
79301,72451,2,0
79301,72041,3,0
79301,71807,4,0
79301,72067,5,0
79301,72026,6,0
79301,72043,7,0
79301,71833,8,0
79301,72103,9,0
79301,72289,10,0
79301,72292,11,0
79301,72375,12,0
79301,72326,13,0
79301,72377,14,0
79301,72293,15,0
79301,72363,16,0
79301,72322,17,0
79301,72372,18,0
79301,72284,19,0
79301,72319,20,0
79301,72396,21,0
79301,72333,22,0
79301,72336,23,0
79301,72348,24,0
79301,72340,25,0
79301,72341,26,0
79301,72350,27,0
79301,72310,28,0
79301,72946,29,1
