188,18800,'Semaine-05',1562,1563,1564,1565,1566,1567,1568,1569,1570,1571
189,18900,'Semaine-05',1572,1573,1574,1575,1576,1577,1578,1579
189,18901,'Semaine-05',1580,1581,1582,1583,1584,1585
190,19000,'Semaine-05',1586,1587,1588,1589,1590,1591,1592,1593,1594,1595,1596,1597,1598,1599,1600,1601,1602,1603,1604,1605,1606,1607,1608,1609,1610,1611
190,19000,'Week-end-02',1612,1613,1614,1615,1616,1617,1618,1619,1620,1621,1622,1623,1624,1625,1626,1627,1628,1629,1630,1631
190,19001,'Semaine-05',1632,1633,1634,1635,1636,1637,1638,1639,1640,1641,1642,1643,1644,1645,1646,1647,1648,1649,1650,1651,1652,1653,1654,1655,1656,1657
190,19001,'Week-end-02',1658,1659,1660,1661,1662,1663,1664,1665,1666,1667,1668,1669,1670,1671,1672,1673,1674,1675,1676,1677
191,19100,'Semaine-05',1678,1679,1680,1681,1682,1683,1684,1685,1686,1687,1688,1689,1690,1691,1692,1693,1694,1695,1696,1697,1698
191,19100,'Week-end-02',1699,1700,1701,1702,1703,1704,1705,1706,1707,1708
191,19101,'Semaine-05',1709,1710,1711,1712,1713,1714,1715,1716,1717,1718,1719,1720,1721,1722,1723,1724,1725,1726,1727,1728,1729
191,19101,'Week-end-02',1730,1731,1732,1733,1734,1735,1736,1737,1738,1739
192,19200,'Semaine-05',1740,1741,1742,1743,1744,1745,1746
192,19201,'Semaine-05',1747,1748,1749,1750,1751,1752,1753,1754
193,19300,'Semaine-05',1755,1756,1757,1758,1759,1760,1761,1762,1763,1764,1765,1766,1767,1768
194,19401,'Semaine-05',1769,1770,1771,1772,1773,1774,1775,1776,1777,1778,1779,1780
200,20001,'Semaine-05',1781,1782,1783,1784,1785,1786,1787,1788,1789,1790,1791,1792,1793,1794,1795,1796,1797,1798,1799,1800,1801,1802,1803,1804,1805,1806,1807,1808,1809,1810
200,20001,'Week-end-02',1811,1812,1813,1814,1815,1816,1817,1818,1819,1820,1821,1822,1823,1824,1825,1826,1827,1828,1829
210,21000,'Semaine-05',1830,1831,1832,1833,1834,1835,1836,1837,1838,1839,1840,1841
210,21001,'Semaine-05',1842,1843,1844,1845,1846,1847,1848,1849,1850,1851,1852
211,21100,'Semaine-05',1853,1854,1855,1856,1857,1858
211,21101,'Semaine-05',1859,1860,1861,1862,1863
212,21200,'Semaine-05',1864,1865,1866,1867,1868,1869,1870,1871,1872,1873,1874
490,49000,'Semaine-05',1875,1876,1877,1878,1879,1880,1881,1882,1883,1884,1885,1886,1887,1888,1889,1890,1891,1892,1893,1894,1895,1896,1897
490,49001,'Semaine-05',1898,1899,1900,1901,1902,1903,1904,1905,1906,1907,1908,1909,1910,1911,1912,1913,1914,1915,1916,1917,1918,1919
491,49100,'Semaine-05',1920,1921,1922,1923,1924,1925,1926,1927,1928,1929,1930,1931,1932,1933,1934,1935,1936,1937,1938,1939,1940,1941,1942,1943,1944,1945,1946
491,49100,'Week-end-02',1947,1948,1949,1950,1951,1952,1953,1954,1955,1956,1957,1958,1959,1960,1961,1962,1963,1964,1965
491,49101,'Semaine-05',1966,1967,1968,1969,1970,1971,1972,1973,1974,1975,1976,1977,1978,1979,1980,1981,1982,1983,1984,1985,1986,1987,1988,1989,1990,1991,1992,1993
491,49101,'Week-end-02',1994,1995,1996,1997,1998,1999,2000,2001,2002,2003,2004,2005,2006,2007,2008,2009,2010,2011,2012
493,49300,'Semaine-05',2013,2014,2015,2016,2017,2018,2019,2020,2021,2022,2023,2024,2025,2026,2027,2028,2029,2030,2031,2032,2033,2034,2035,2036
493,49301,'Semaine-05',2037,2038,2039,2040,2041,2042,2043,2044,2045,2046,2047,2048,2049,2050,2051,2052,2053,2054,2055,2056,2057,2058,2059
591,59100,'Semaine-05',2060,2061,2062,2063,2064,2065,2066,2067,2068,2069,2070,2071
591,59101,'Semaine-05',2072,2073,2074,2075,2076,2077,2078,2079,2080,2081,2082,2083
593,59300,'Semaine-05',2084,2085,2086,2087,2088,2089,2090,2091,2092,2093,2094,2095,2096
593,59301,'Semaine-05',2097,2098,2099,2100,2101,2102,2103,2104,2105,2106,2107,2108,2109,2110
695,69500,'Semaine-05',2111,2112,2113,2114,2115
695,69501,'Semaine-05',2116,2117,2118,2119,2120
790,79000,'Week-end-02',2121,2122,2123,2124,2125,2126,2127,2128,2129,2130
790,79001,'Week-end-02',2131,2132,2133,2134,2135,2136,2137,2138,2139,2140
793,79300,'Semaine-05',2141,2142,2143,2144,2145,2146,2147,2148,2149,2150,2151,2152,2153,2154,2155,2156,2157,2158,2159,2160,2161,2162,2163,2164,2165,2166,2167,2168,2169,2170
793,79301,'Semaine-05',2171,2172,2173,2174,2175,2176,2177,2178,2179,2180,2181,2182,2183,2184,2185,2186,2187,2188,2189,2190,2191,2192,2193,2194,2195,2196,2197,2198,2199,2200,2201
