19001,'Fête-1-02',632,,1214,20,,,0,90,,1231,20,,,0,90,,1232,20,,,0,90,,1233,20,,,0,50,,1229,20,,,0,90,,1230,20,,,0,90,,1228,20,,,0,90,,1225,20,,,0,90,,1223,20,,,0,90,,1215,20,,,0,50,,1220,20,,,0,90,,1227,20,,,0,90,,1216,20,,,0,90,,1217,20,,,0,90,,1224,20,,,0,90,,1219,20,,,0,50,,1226,20,,,0,90,,1222,20,,,0,90,,1221,20,,,0,90,,1218,20,,,0
19001,'Fête-2-03',522,,1247,20,,,0,37,,1237,20,,,0,61,,1238,20,,,0,27,,1251,20,,,0,73,,1241,20,,,0,25,,1236,20,,,0,70,,1245,20,,,0,31,,1258,20,,,0,94,,1250,20,,,0,106,,1248,20,,,0,100,,1246,20,,,0,99,,1244,20,,,0,95,,1249,20,,,0,100,,1259,20,,,0,106,,1243,20,,,0,70,,1253,20,,,0,35,,1254,20,,,0,76,,1255,20,,,0,79,,1256,20,,,0,38,,1257,20,,,0,70,,1235,20,,,0,92,,1239,20,,,0,50,,1252,20,,,0,146,,1242,20,,,0,51,,1234,20,,,0,102,,1240,20,,,0
19001,'Semaine-02',522,,1273,20,,,0,37,,1263,20,,,0,61,,1264,20,,,0,27,,1277,20,,,0,73,,1267,20,,,0,25,,1262,20,,,0,70,,1271,20,,,0,31,,1284,20,,,0,94,,1276,20,,,0,106,,1274,20,,,0,100,,1272,20,,,0,99,,1270,20,,,0,95,,1275,20,,,0,100,,1285,20,,,0,106,,1269,20,,,0,70,,1279,20,,,0,35,,1280,20,,,0,76,,1281,20,,,0,79,,1282,20,,,0,38,,1283,20,,,0,70,,1261,20,,,0,92,,1265,20,,,0,50,,1278,20,,,0,146,,1268,20,,,0,51,,1260,20,,,0,102,,1266,20,,,0
19001,'Week-end-02',632,,1286,20,,,0,90,,1303,20,,,0,90,,1304,20,,,0,90,,1305,20,,,0,50,,1301,20,,,0,90,,1302,20,,,0,90,,1300,20,,,0,90,,1297,20,,,0,90,,1295,20,,,0,90,,1287,20,,,0,50,,1292,20,,,0,90,,1299,20,,,0,90,,1288,20,,,0,90,,1289,20,,,0,90,,1296,20,,,0,90,,1291,20,,,0,50,,1298,20,,,0,90,,1294,20,,,0,90,,1293,20,,,0,90,,1290,20,,,0
19101,'Fête-2-03',519,,1382,20,,,0,36,,1388,20,,,0,64,,1389,20,,,0,27,,1387,20,,,0,73,,1385,20,,,0,25,,1386,20,,,0,71,,1391,20,,,0,99,,1392,20,,,0,102,,1393,20,,,0,100,,1394,20,,,0,100,,1395,20,,,0,97,,1396,20,,,0,93,,1397,20,,,0,53,,1398,20,,,0,97,,1383,20,,,0,60,,1390,20,,,0,35,,1384,20,,,0,76,,1381,20,,,0,79,,1378,20,,,0,38,,1379,20,,,0,69,,1380,20,,,0
19101,'Semaine-02',519,,1403,20,,,0,36,,1409,20,,,0,64,,1410,20,,,0,27,,1408,20,,,0,73,,1406,20,,,0,25,,1407,20,,,0,71,,1412,20,,,0,99,,1413,20,,,0,102,,1414,20,,,0,100,,1415,20,,,0,100,,1416,20,,,0,97,,1417,20,,,0,93,,1418,20,,,0,53,,1419,20,,,0,97,,1404,20,,,0,60,,1411,20,,,0,35,,1405,20,,,0,76,,1402,20,,,0,79,,1399,20,,,0,38,,1400,20,,,0,69,,1401,20,,,0
20001,'Fête-2-03',606,,1536,20,0,17 39 2 25,0,21,,1537,20,0,17 39 2 25,0,21,,1538,20,0,17 39 2 25,0,61,,1539,20,0,17 39 2 25,0,21,,1544,20,0,17 39 2 25,0,23,,1543,20,0,17 39 2 25,0,61,,1546,20,0,17 39 2 25,0,25,,1545,20,0,17 39 2 25,0,76,,1547,20,0,17 39 2 25,0,30,,1548,20,0,17 39 2 25,0,70,,1555,20,0,17 39 2 25,0,40,,1549,20,0,17 39 2 25,0,61,,1556,20,0,17 39 2 25,0,29,,1550,20,0,17 39 2 25,0,70,,1557,20,0,17 39 2 25,0,30,,1551,20,0,17 39 2 25,0,70,,1558,20,0,17 39 2 25,0,30,,1552,20,0,17 39 2 25,0,70,,1559,20,0,17 39 2 25,0,43,,1553,20,0,17 39 2 25,0,87,,1560,20,0,17 39 2 25,0,71,,1554,20,0,17 39 2 25,0,33,,1541,20,0,17 39 2 25,0,75,,1540,20,0,17 39 2 25,0,21,,1531,20,0,17 39 2 25,0,61,,1532,20,0,17 39 2 25,0,36,,1533,20,0,17 39 2 25,0,66,,1534,20,0,17 39 2 25,0,24,,1542,20,,,0
20001,'Semaine-02',606,,1566,20,0,17 39 2 25,0,21,,1567,20,0,17 39 2 25,0,21,,1568,20,0,17 39 2 25,0,61,,1569,20,0,17 39 2 25,0,21,,1574,20,0,17 39 2 25,0,23,,1573,20,0,17 39 2 25,0,61,,1576,20,0,17 39 2 25,0,25,,1575,20,0,17 39 2 25,0,76,,1577,20,0,17 39 2 25,0,30,,1578,20,0,17 39 2 25,0,70,,1585,20,0,17 39 2 25,0,40,,1579,20,0,17 39 2 25,0,61,,1586,20,0,17 39 2 25,0,29,,1580,20,0,17 39 2 25,0,70,,1587,20,0,17 39 2 25,0,30,,1581,20,0,17 39 2 25,0,70,,1588,20,0,17 39 2 25,0,30,,1582,20,0,17 39 2 25,0,70,,1589,20,0,17 39 2 25,0,43,,1583,20,0,17 39 2 25,0,87,,1590,20,0,17 39 2 25,0,71,,1584,20,0,17 39 2 25,0,33,,1571,20,0,17 39 2 25,0,75,,1570,20,0,17 39 2 25,0,21,,1561,20,0,17 39 2 25,0,61,,1562,20,0,17 39 2 25,0,36,,1563,20,0,17 39 2 25,0,66,,1564,20,0,17 39 2 25,0,24,,1572,20,,,0
59100,'Fête-2-03',550,,2074,20,,,0,99,,2070,20,,,0,103,,2071,20,,,0,157,,2076,20,,,0,106,,2075,20,,,0,109,,2079,20,,,0,113,,2080,20,,,0,107,,2081,20,,,0,114,,2077,20,,,0,150,,2072,20,,,0,118,,2073,20,,,0,116,,2078,20,,,0
59100,'Semaine-02',550,,2086,20,,,0,99,,2082,20,,,0,103,,2083,20,,,0,157,,2088,20,,,0,106,,2087,20,,,0,109,,2091,20,,,0,113,,2092,20,,,0,107,,2093,20,,,0,114,,2089,20,,,0,150,,2084,20,,,0,118,,2085,20,,,0,116,,2090,20,,,0
79300,'Fête-2-03',526,,2254,20,,,0,77,,2240,20,,,0,29,,2239,20,,,0,70,,2246,20,,,0,18,,2257,20,,,0,25,,2247,20,,,0,70,,2258,20,,,0,20,,2238,20,,,0,73,,2243,20,,,0,32,,2255,20,,,0,70,,2235,20,,,0,45,,2233,20,,,0,80,,2259,20,,,0,80,,2253,20,,,0,98,,2248,20,,,0,22,,2256,20,,,0,70,,2232,20,,,0,95,,2236,20,,,0,55,,2242,20,,,0,65,,2249,20,,,0,30,,2241,20,,,0,76,,2250,20,,,0,91,,2245,20,,,0,121,,2237,20,,,0,65,,2244,20,,,0,50,,2251,20,,,0,69,,2234,20,,,0,80,,2260,20,,,0,46,,2261,20,,,0,106,,2252,20,,,0
79300,'Semaine-02',526,,2284,20,,,0,77,,2270,20,,,0,29,,2269,20,,,0,70,,2276,20,,,0,18,,2287,20,,,0,25,,2277,20,,,0,70,,2288,20,,,0,20,,2268,20,,,0,73,,2273,20,,,0,32,,2285,20,,,0,70,,2265,20,,,0,45,,2263,20,,,0,80,,2289,20,,,0,80,,2283,20,,,0,98,,2278,20,,,0,22,,2286,20,,,0,70,,2262,20,,,0,95,,2266,20,,,0,55,,2272,20,,,0,65,,2279,20,,,0,30,,2271,20,,,0,76,,2280,20,,,0,91,,2275,20,,,0,121,,2267,20,,,0,65,,2274,20,,,0,50,,2281,20,,,0,69,,2264,20,,,0,80,,2290,20,,,0,46,,2291,20,,,0,106,,2282,20,,,0
