18800,'Fête-2-03',652,,1075,20,,,0,99,,1076,20,,,0,98,,1081,20,,,0,677,,1080,20,,,0,99,,1077,20,,,0,34,,1079,20,,,0,93,,1078,20,,,0,100,,1082,20,,,0,92,,1083,20,0,5,0
18800,'Semaine-02',652,,1085,20,,,0,99,,1086,20,,,0,98,,1091,20,,,0,677,,1090,20,,,0,99,,1087,20,,,0,34,,1089,20,,,0,93,,1088,20,,,0,100,,1092,20,,,0,92,,1093,20,0,5,0
18900,'Fête-2-03',1559,,1094,20,0,29 30 2 24,0,67,,1096,20,0,29 30 2 24,0,74,,1097,20,0,29 30 2 24,0,36,,1098,20,0,29 30 2 24,0,79,,1099,20,0,29 30 2 24,0,17,,1100,20,0,29 30 2 24,0,83,,1101,20,0,29 30 2 24,0,28,,1095,20,0,24,0
18900,'Semaine-02',1559,,1102,20,0,29 30 2 24,0,67,,1104,20,0,29 30 2 24,0,74,,1105,20,0,29 30 2 24,0,36,,1106,20,0,29 30 2 24,0,79,,1107,20,0,29 30 2 24,0,17,,1108,20,0,29 30 2 24,0,83,,1109,20,0,29 30 2 24,0,28,,1103,20,0,24,0
18901,'Fête-2-03',614,,1111,20,0,29 30 2 24,0,33,,1112,20,0,29 30 2 24,0,66,,1113,20,0,29 30 2 24,0,33,,1114,20,0,29 30 2 24,0,70,,1115,20,0,29 30 2 24,0
18901,'Semaine-02',614,,1117,20,0,29 30 2 24,0,33,,1118,20,0,29 30 2 24,0,66,,1119,20,0,29 30 2 24,0,33,,1120,20,0,29 30 2 24,0,70,,1121,20,0,29 30 2 24,0
19100,'Fête-1-02',656,,1306,20,0,39,0,180,,1309,20,0,39,0,180,,1311,20,0,39,0,140,,1308,20,0,39,0,180,,1307,20,0,39,0,180,,1312,20,0,39,0,140,,1310,20,0,39,0,180,,1313,20,0,39,0,180,,1314,20,0,39,0,140,,1315,20,0,39,0
19100,'Fête-2-03',527,,1317,20,,,0,28,,1327,20,,,0,67,,1321,20,,,0,32,,1318,20,,,0,66,,1325,20,,,0,31,,1326,20,,,0,60,,1331,20,,,0,35,,1332,20,,,0,100,,1333,20,,,0,100,,1334,20,,,0,100,,1335,20,,,0,100,,1336,20,,,0,96,,1329,20,,,0,93,,1330,20,,,0,97,,1328,20,,,0,94,,1322,20,,,0,33,,1319,20,,,0,76,,1320,20,,,0,79,,1324,20,,,0,38,,1323,20,,,0,62,,1316,20,,,0
19100,'Semaine-02',527,,1338,20,,,0,28,,1348,20,,,0,67,,1342,20,,,0,32,,1339,20,,,0,66,,1346,20,,,0,31,,1347,20,,,0,60,,1352,20,,,0,35,,1353,20,,,0,100,,1354,20,,,0,100,,1355,20,,,0,100,,1356,20,,,0,100,,1357,20,,,0,96,,1350,20,,,0,93,,1351,20,,,0,97,,1349,20,,,0,94,,1343,20,,,0,33,,1340,20,,,0,76,,1341,20,,,0,79,,1345,20,,,0,38,,1344,20,,,0,62,,1337,20,,,0
19100,'Week-end-02',656,,1358,20,0,39,0,180,,1361,20,0,39,0,180,,1363,20,0,39,0,140,,1360,20,0,39,0,180,,1359,20,0,39,0,180,,1364,20,0,39,0,140,,1362,20,0,39,0,180,,1365,20,0,39,0,180,,1366,20,0,39,0,140,,1367,20,0,39,0
69500,'Fête-2-03',540,,2173,20,0,29 30 2 23,0,100,,2174,20,0,29 30 2 23,0,108,,2176,20,0,29 30 2 23,0,108,,2172,20,0,29 30 2 23,0
69500,'Semaine-02',540,,2178,20,0,29 30 2 23,0,100,,2179,20,0,29 30 2 23,0,108,,2181,20,0,29 30 2 23,0,108,,2177,20,0,29 30 2 23,0
69501,'Fête-2-03',1505,,2185,20,0,29 30 2 23,0,118,,2183,20,0,29 30 2 23,0,115,,2182,20,0,29 30 2 23,0,113,,2184,20,0,29 30 2 23,0,90,,2186,20,0,23,0
69501,'Semaine-02',1505,,2190,20,0,29 30 2 23,0,118,,2188,20,0,29 30 2 23,0,115,,2187,20,0,29 30 2 23,0,113,,2189,20,0,29 30 2 23,0,90,,2191,20,0,23,0
