19000,'Fête-1-02',712,,1122,230,0,39,0,90,,1141,230,0,39,0,50,,1138,230,0,39,0,90,,1140,230,0,39,0,90,,1139,230,0,39,0,90,,1124,230,0,39,0,90,,1129,230,0,39,0,90,,1128,230,0,39,0,50,,1132,230,0,39,0,90,,1127,230,0,39,0,90,,1126,230,0,39,0,90,,1131,230,0,39,0,90,,1125,230,0,39,0,90,,1135,230,0,39,0,50,,1133,230,0,39,0,90,,1137,230,0,39,0,90,,1136,230,0,39,0,90,,1123,230,0,39,0,90,,1134,230,0,39,0,90,,1130,230,0,39,0
19000,'Fête-2-03',544,,1165,230,,,0,69,,1161,230,,,0,27,,1144,230,,,0,71,,1151,230,,,0,27,,1146,230,,,0,70,,1167,230,,,0,19,,1142,230,,,0,74,,1155,230,,,0,31,,1158,230,,,0,97,,1160,230,,,0,101,,1152,230,,,0,102,,1166,230,,,0,98,,1153,230,,,0,96,,1147,230,,,0,103,,1164,230,,,0,115,,1148,230,,,0,73,,1163,230,,,0,36,,1150,230,,,0,76,,1162,230,,,0,78,,1149,230,,,0,50,,1156,230,,,0,90,,1159,230,,,0,95,,1154,230,,,0,100,,1143,230,,,0,106,,1157,230,,,0,85,,1145,230,,,0
19000,'Semaine-02',544,,1191,230,,,0,69,,1187,230,,,0,27,,1170,230,,,0,71,,1177,230,,,0,27,,1172,230,,,0,70,,1193,230,,,0,19,,1168,230,,,0,74,,1181,230,,,0,31,,1184,230,,,0,97,,1186,230,,,0,101,,1178,230,,,0,102,,1192,230,,,0,98,,1179,230,,,0,96,,1173,230,,,0,103,,1190,230,,,0,115,,1174,230,,,0,73,,1189,230,,,0,36,,1176,230,,,0,76,,1188,230,,,0,78,,1175,230,,,0,50,,1182,230,,,0,90,,1185,230,,,0,95,,1180,230,,,0,100,,1169,230,,,0,106,,1183,230,,,0,85,,1171,230,,,0
19000,'Week-end-02',712,,1194,230,0,39,0,90,,1213,230,0,39,0,50,,1210,230,0,39,0,90,,1212,230,0,39,0,90,,1211,230,0,39,0,90,,1196,230,0,39,0,90,,1201,230,0,39,0,90,,1200,230,0,39,0,50,,1204,230,0,39,0,90,,1199,230,0,39,0,90,,1198,230,0,39,0,90,,1203,230,0,39,0,90,,1197,230,0,39,0,90,,1207,230,0,39,0,50,,1205,230,0,39,0,90,,1209,230,0,39,0,90,,1208,230,0,39,0,90,,1195,230,0,39,0,90,,1206,230,0,39,0,90,,1202,230,0,39,0
19101,'Fête-2-03',519,,1382,30,,,0,36,,1388,30,,,0,64,,1389,30,,,0,27,,1387,30,,,0,73,,1385,30,,,0,25,,1386,30,,,0,71,,1391,30,,,0,99,,1392,30,,,0,102,,1393,30,,,0,100,,1394,30,,,0,100,,1395,30,,,0,97,,1396,30,,,0,93,,1397,30,,,0,53,,1398,30,,,0,97,,1383,30,,,0,60,,1390,30,,,0,35,,1384,30,,,0,76,,1381,30,,,0,79,,1378,30,,,0,38,,1379,30,,,0,69,,1380,30,,,0
19101,'Semaine-02',519,,1403,30,,,0,36,,1409,30,,,0,64,,1410,30,,,0,27,,1408,30,,,0,73,,1406,30,,,0,25,,1407,30,,,0,71,,1412,30,,,0,99,,1413,30,,,0,102,,1414,30,,,0,100,,1415,30,,,0,100,,1416,30,,,0,97,,1417,30,,,0,93,,1418,30,,,0,53,,1419,30,,,0,97,,1404,30,,,0,60,,1411,30,,,0,35,,1405,30,,,0,76,,1402,30,,,0,79,,1399,30,,,0,38,,1400,30,,,0,69,,1401,30,,,0
20001,'Fête-2-03',607,,1536,30,0,17 39 2 25,0,21,,1537,30,0,17 39 2 25,0,21,,1538,30,0,17 39 2 25,0,61,,1539,30,0,17 39 2 25,0,21,,1544,30,0,17 39 2 25,0,23,,1543,30,0,17 39 2 25,0,61,,1546,30,0,17 39 2 25,0,25,,1545,30,0,17 39 2 25,0,76,,1547,30,0,17 39 2 25,0,30,,1548,30,0,17 39 2 25,0,70,,1555,30,0,17 39 2 25,0,40,,1549,30,0,17 39 2 25,0,61,,1556,30,0,17 39 2 25,0,29,,1550,30,0,17 39 2 25,0,70,,1557,30,0,17 39 2 25,0,30,,1551,30,0,17 39 2 25,0,70,,1558,30,0,17 39 2 25,0,30,,1552,30,0,17 39 2 25,0,70,,1559,30,0,17 39 2 25,0,43,,1553,30,0,17 39 2 25,0,87,,1560,30,0,17 39 2 25,0,71,,1554,30,0,17 39 2 25,0,33,,1541,30,0,17 39 2 25,0,75,,1540,30,0,17 39 2 25,0,21,,1531,30,0,17 39 2 25,0,61,,1532,30,0,17 39 2 25,0,36,,1533,30,0,17 39 2 25,0,66,,1534,30,0,17 39 2 25,0,24,,1542,30,,,0
20001,'Semaine-02',607,,1566,30,0,17 39 2 25,0,21,,1567,30,0,17 39 2 25,0,21,,1568,30,0,17 39 2 25,0,61,,1569,30,0,17 39 2 25,0,21,,1574,30,0,17 39 2 25,0,23,,1573,30,0,17 39 2 25,0,61,,1576,30,0,17 39 2 25,0,25,,1575,30,0,17 39 2 25,0,76,,1577,30,0,17 39 2 25,0,30,,1578,30,0,17 39 2 25,0,70,,1585,30,0,17 39 2 25,0,40,,1579,30,0,17 39 2 25,0,61,,1586,30,0,17 39 2 25,0,29,,1580,30,0,17 39 2 25,0,70,,1587,30,0,17 39 2 25,0,30,,1581,30,0,17 39 2 25,0,70,,1588,30,0,17 39 2 25,0,30,,1582,30,0,17 39 2 25,0,70,,1589,30,0,17 39 2 25,0,43,,1583,30,0,17 39 2 25,0,87,,1590,30,0,17 39 2 25,0,71,,1584,30,0,17 39 2 25,0,33,,1571,30,0,17 39 2 25,0,75,,1570,30,0,17 39 2 25,0,21,,1561,30,0,17 39 2 25,0,61,,1562,30,0,17 39 2 25,0,36,,1563,30,0,17 39 2 25,0,66,,1564,30,0,17 39 2 25,0,24,,1572,30,,,0
59100,'Fête-2-03',550,,2074,30,,,0,99,,2070,30,,,0,104,,2071,30,,,0,157,,2076,30,,,0,105,,2075,30,,,0,109,,2079,30,,,0,113,,2080,30,,,0,107,,2081,30,,,0,114,,2077,30,,,0,151,,2072,30,,,0,118,,2073,30,,,0,116,,2078,30,,,0
59100,'Semaine-02',550,,2086,30,,,0,99,,2082,30,,,0,104,,2083,30,,,0,157,,2088,30,,,0,105,,2087,30,,,0,109,,2091,30,,,0,113,,2092,30,,,0,107,,2093,30,,,0,114,,2089,30,,,0,151,,2084,30,,,0,118,,2085,30,,,0,116,,2090,30,,,0
79300,'Fête-2-03',526,,2254,30,,,0,77,,2240,30,,,0,29,,2239,30,,,0,70,,2246,30,,,0,18,,2257,30,,,0,25,,2247,30,,,0,70,,2258,30,,,0,20,,2238,30,,,0,73,,2243,30,,,0,32,,2255,30,,,0,70,,2235,30,,,0,45,,2233,30,,,0,80,,2259,30,,,0,80,,2253,30,,,0,98,,2248,30,,,0,22,,2256,30,,,0,70,,2232,30,,,0,95,,2236,30,,,0,56,,2242,30,,,0,65,,2249,30,,,0,30,,2241,30,,,0,76,,2250,30,,,0,91,,2245,30,,,0,120,,2237,30,,,0,65,,2244,30,,,0,50,,2251,30,,,0,69,,2234,30,,,0,80,,2260,30,,,0,46,,2261,30,,,0,106,,2252,30,,,0
79300,'Semaine-02',526,,2284,30,,,0,77,,2270,30,,,0,29,,2269,30,,,0,70,,2276,30,,,0,18,,2287,30,,,0,25,,2277,30,,,0,70,,2288,30,,,0,20,,2268,30,,,0,73,,2273,30,,,0,32,,2285,30,,,0,70,,2265,30,,,0,45,,2263,30,,,0,80,,2289,30,,,0,80,,2283,30,,,0,98,,2278,30,,,0,22,,2286,30,,,0,70,,2262,30,,,0,95,,2266,30,,,0,56,,2272,30,,,0,65,,2279,30,,,0,30,,2271,30,,,0,76,,2280,30,,,0,91,,2275,30,,,0,120,,2267,30,,,0,65,,2274,30,,,0,50,,2281,30,,,0,69,,2264,30,,,0,80,,2290,30,,,0,46,,2291,30,,,0,106,,2282,30,,,0
