19000,'Fête-1-01',715,,1875,250,4,,0,90,,1894,250,4,,0,50,,1891,250,4,,0,90,,1893,250,4,,0,90,,1892,250,4,,0,90,,1877,250,4,,0,90,,1882,250,4,,0,90,,1881,250,4,,0,50,,1885,250,4,,0,90,,1880,250,4,,0,90,,1879,250,4,,0,90,,1884,250,4,,0,90,,1878,250,4,,0,90,,1888,250,4,,0,50,,1886,250,4,,0,90,,1890,250,4,,0,90,,1889,250,4,,0,90,,1876,250,4,,0,90,,1887,250,4,,0,90,,1883,250,4,,0
19000,'Week-end-01',715,,1921,250,4,,0,90,,1940,250,4,,0,50,,1937,250,4,,0,90,,1939,250,4,,0,90,,1938,250,4,,0,90,,1923,250,4,,0,90,,1928,250,4,,0,90,,1927,250,4,,0,50,,1931,250,4,,0,90,,1926,250,4,,0,90,,1925,250,4,,0,90,,1930,250,4,,0,90,,1924,250,4,,0,90,,1934,250,4,,0,50,,1932,250,4,,0,90,,1936,250,4,,0,90,,1935,250,4,,0,90,,1922,250,4,,0,90,,1933,250,4,,0,90,,1929,250,4,,0
19001,'Fête-1-01',630,,1941,10,,,0,90,,1958,10,,,0,90,,1959,10,,,0,90,,1960,10,,,0,50,,1956,10,,,0,90,,1957,10,,,0,90,,1955,10,,,0,90,,1952,10,,,0,90,,1950,10,,,0,90,,1942,10,,,0,50,,1947,10,,,0,90,,1954,10,,,0,90,,1943,10,,,0,90,,1944,10,,,0,90,,1951,10,,,0,90,,1946,10,,,0,50,,1953,10,,,0,90,,1949,10,,,0,90,,1948,10,,,0,90,,1945,10,,,0
19001,'Week-end-01',630,,1987,10,,,0,90,,2004,10,,,0,90,,2005,10,,,0,90,,2006,10,,,0,50,,2002,10,,,0,90,,2003,10,,,0,90,,2001,10,,,0,90,,1998,10,,,0,90,,1996,10,,,0,90,,1988,10,,,0,50,,1993,10,,,0,90,,2000,10,,,0,90,,1989,10,,,0,90,,1990,10,,,0,90,,1997,10,,,0,90,,1992,10,,,0,50,,1999,10,,,0,90,,1995,10,,,0,90,,1994,10,,,0,90,,1991,10,,,0
19100,'Fête-1-01',715,,2007,280,4,,0,140,,2010,280,4,,0,180,,2012,280,4,,0,180,,2009,280,4,,0,140,,2008,280,4,,0,180,,2013,280,4,,0,180,,2011,280,4,,0,140,,2014,280,4,,0,180,,2015,280,4,,0,180,,2016,280,4,,0
19100,'Week-end-01',715,,2038,280,4,,0,140,,2041,280,4,,0,180,,2043,280,4,,0,180,,2040,280,4,,0,140,,2039,280,4,,0,180,,2044,280,4,,0,180,,2042,280,4,,0,140,,2045,280,4,,0,180,,2046,280,4,,0,180,,2047,280,4,,0
19101,'Fête-1-01',630,,2048,10,,,0,180,,2057,10,,,0,140,,2056,10,,,0,180,,2051,10,,,0,180,,2054,10,,,0,140,,2055,10,,,0,180,,2053,10,,,0,180,,2050,10,,,0,140,,2049,10,,,0,180,,2052,10,,,0
19101,'Week-end-01',630,,2079,10,,,0,180,,2088,10,,,0,140,,2087,10,,,0,180,,2082,10,,,0,180,,2085,10,,,0,140,,2086,10,,,0,180,,2084,10,,,0,180,,2081,10,,,0,140,,2080,10,,,0,180,,2083,10,,,0
20001,'Fête-1-01',720,,2130,10,,,0,15,,2130,180,4,,0,15,,2131,10,,,0,55,,2131,180,4,,0,95,,2132,10,,,0,15,,2132,180,4,,0,15,,2133,10,,,0,15,,2133,180,4,,0,95,,2134,10,,,0,15,,2134,180,4,,0,55,,2138,10,,,0,15,,2138,180,4,,0,95,,2142,10,,,0,15,,2142,180,4,,0,15,,2146,10,,,0,55,,2146,180,4,,0,95,,2135,10,,,0,15,,2135,180,4,,0,15,,2139,10,,,0,15,,2139,180,4,,0,95,,2143,10,,,0,15,,2143,180,4,,0,55,,2147,10,,,0,15,,2147,180,4,,0,95,,2136,10,,,0,15,,2136,180,4,,0,15,,2140,10,,,0,55,,2140,180,4,,0,95,,2144,10,,,0,15,,2144,180,4,,0,15,,2148,10,,,0,15,,2148,180,4,,0,95,,2137,10,,,0,15,,2137,180,4,,0,55,,2141,10,,,0,15,,2141,180,4,,0,95,,2145,10,,,0,15,,2145,180,4,,0
20001,'Week-end-01',720,,2179,10,,,0,15,,2179,180,4,,0,15,,2180,10,,,0,55,,2180,180,4,,0,95,,2181,10,,,0,15,,2181,180,4,,0,15,,2182,10,,,0,15,,2182,180,4,,0,95,,2183,10,,,0,15,,2183,180,4,,0,55,,2187,10,,,0,15,,2187,180,4,,0,95,,2191,10,,,0,15,,2191,180,4,,0,15,,2195,10,,,0,55,,2195,180,4,,0,95,,2184,10,,,0,15,,2184,180,4,,0,15,,2188,10,,,0,15,,2188,180,4,,0,95,,2192,10,,,0,15,,2192,180,4,,0,55,,2196,10,,,0,15,,2196,180,4,,0,95,,2185,10,,,0,15,,2185,180,4,,0,15,,2189,10,,,0,55,,2189,180,4,,0,95,,2193,10,,,0,15,,2193,180,4,,0,15,,2197,10,,,0,15,,2197,180,4,,0,95,,2186,10,,,0,15,,2186,180,4,,0,55,,2190,10,,,0,15,,2190,180,4,,0,95,,2194,10,,,0,15,,2194,180,4,,0
79000,'Fête-1-01',722,,2508,10,,,0,180,,2507,10,,,0,140,,2509,10,,,0,180,,2505,10,,,0,180,,2510,10,,,0,140,,2506,10,,,0,180,,2504,10,,,0,180,,2511,10,,,0,140,,2512,10,,,0,180,,2513,10,,,0
79000,'Week-end-01',722,,2518,10,,,0,180,,2517,10,,,0,140,,2519,10,,,0,180,,2515,10,,,0,180,,2520,10,,,0,140,,2516,10,,,0,180,,2514,10,,,0,180,,2521,10,,,0,140,,2522,10,,,0,180,,2523,10,,,0
79001,'Fête-1-01',853,,2529,280,4,,0,180,,2524,280,4,,0,180,,2527,280,4,,0,140,,2528,280,4,,0,180,,2530,280,4,,0,180,,2525,280,4,,0,140,,2526,280,4,,0,180,,2531,280,4,,0,180,,2532,280,4,,0,140,,2533,280,4,,0
79001,'Week-end-01',853,,2539,280,4,,0,180,,2534,280,4,,0,180,,2537,280,4,,0,140,,2538,280,4,,0,180,,2540,280,4,,0,180,,2535,280,4,,0,140,,2536,280,4,,0,180,,2541,280,4,,0,180,,2542,280,4,,0,140,,2543,280,4,,0
