300,'Semaine-01',1616,,59,30,0,27 2 28 8,0,35,,60,30,0,27 2 28 8,0,75,,61,30,0,27 2 28 8,0,20,,62,30,0,27 2 28 8,0,60,,63,30,0,27 2 28 8,0,21,,64,30,0,27 2 28 8,0,20,,65,30,0,27 2 28 8,0,61,,66,30,0,27 2 28 8,0
300,'Semaine-03',1616,,67,30,0,27 2 28 8,0,35,,68,30,0,27 2 28 8,0,75,,69,30,0,27 2 28 8,0,20,,70,30,0,27 2 28 8,0,60,,71,30,0,27 2 28 8,0,21,,72,30,0,27 2 28 8,0,20,,73,30,0,27 2 28 8,0,61,,74,30,0,27 2 28 8,0
301,'Semaine-01',551,,75,30,0,27 2 28 7,0,59,,76,30,0,27 2 28 7,0,20,,77,30,0,27 2 28 7,0,23,,78,30,0,27 2 28 7,0,75,,79,30,0,27 2 28 7,0,25,,80,30,0,27 2 28 7,0,67,,82,30,0,27 2 28 7,0
301,'Semaine-03',551,,83,30,0,27 2 28 7,0,59,,84,30,0,27 2 28 7,0,20,,85,30,0,27 2 28 7,0,23,,86,30,0,27 2 28 7,0,75,,87,30,0,27 2 28 7,0,25,,88,30,0,27 2 28 7,0,67,,90,30,0,27 2 28 7,0
900,'Semaine-01',524,,354,20,0,29 30,0,28,,341,180,,,0,74,,345,180,,,0,27,,346,180,,,0,71,,347,180,,,0,29,,348,180,,,0,71,,349,180,,,0,778,,350,180,,,0,36,,351,180,,,0,75,,352,180,,,0,99,,342,180,,,0,33,,343,180,,,0,83,,344,180,,,0
900,'Semaine-03',524,,368,20,0,29 30,0,28,,355,180,,,0,74,,359,180,,,0,27,,360,180,,,0,71,,361,180,,,0,29,,362,180,,,0,71,,363,180,,,0,778,,364,180,,,0,36,,365,180,,,0,75,,366,180,,,0,99,,356,180,,,0,33,,357,180,,,0,83,,358,180,,,0
1501,'Semaine-01',918,,417,270,,,0,120,,418,270,,,0,162,,419,270,,,0,124,,420,270,,,0,123,,421,270,,,0,556,,422,270,,,0,125,,423,270,,,0,123,,424,270,,,0,155,,425,270,,,0
1501,'Semaine-03',918,,427,270,,,0,120,,428,270,,,0,162,,429,270,,,0,124,,430,270,,,0,123,,431,270,,,0,556,,432,270,,,0,125,,433,270,,,0,123,,434,270,,,0,155,,435,270,,,0
11501,'Dimanche-01',920,,839,270,,,0,137,,832,270,,,0,158,,833,270,,,0,125,,834,270,,,0,160,,835,270,,,0,140,,836,270,,,0,160,,837,270,,,0,120,,838,270,,,0,122,,840,270,,,0,160,,842,270,,,0
11501,'Samedi-01',920,,843,270,,,0,137,,844,270,,,0,158,,845,270,,,0,125,,846,270,,,0,160,,847,270,,,0,140,,848,270,,,0,160,,849,270,,,0,120,,850,270,,,0,122,,851,270,,,0,160,,854,270,,,0
