19001,'Fête-1-01',647,,1941,220,,,0,90,,1958,220,,,0,90,,1959,220,,,0,90,,1960,220,,,0,90,,1956,220,,,0,50,,1957,220,,,0,90,,1955,220,,,0,90,,1952,220,,,0,90,,1950,220,,,0,90,,1942,220,,,0,90,,1947,220,,,0,50,,1954,220,,,0,90,,1943,220,,,0,90,,1944,220,,,0,90,,1951,220,,,0,90,,1946,220,,,0,90,,1953,220,,,0,50,,1949,220,,,0,90,,1948,220,,,0,90,,1945,220,,,0
19001,'Semaine-01',537,,1974,220,,,0,79,,1964,220,,,0,21,,1965,220,,,0,67,,1978,220,,,0,33,,1968,220,,,0,65,,1963,220,,,0,30,,1972,220,,,0,71,,1985,220,,,0,54,,1977,220,,,0,146,,1975,220,,,0,100,,1973,220,,,0,100,,1971,220,,,0,55,,1976,220,,,0,100,,1986,220,,,0,148,,1970,220,,,0,30,,1980,220,,,0,75,,1981,220,,,0,35,,1982,220,,,0,77,,1983,220,,,0,78,,1984,220,,,0,30,,1962,220,,,0,92,,1966,220,,,0,90,,1979,220,,,0,103,,1969,220,,,0,91,,1961,220,,,0,102,,1967,220,,,0
19001,'Week-end-01',647,,1987,220,,,0,90,,2004,220,,,0,90,,2005,220,,,0,90,,2006,220,,,0,90,,2002,220,,,0,50,,2003,220,,,0,90,,2001,220,,,0,90,,1998,220,,,0,90,,1996,220,,,0,90,,1988,220,,,0,90,,1993,220,,,0,50,,2000,220,,,0,90,,1989,220,,,0,90,,1990,220,,,0,90,,1997,220,,,0,90,,1992,220,,,0,90,,1999,220,,,0,50,,1995,220,,,0,90,,1994,220,,,0,90,,1991,220,,,0
19200,'Semaine-01',535,,2093,300,0,29 30 2 32,0,70,,2090,360,0,29 30 2 32,0,30,,2095,360,0,29 30 2 32,0,70,,2094,360,0,29 30 2 32,0,30,,2092,360,0,29 30 2 32,0,70,,2091,360,0,29 30 2 32,0,30,,2089,360,0,29 30 2 32,0
19201,'Semaine-01',1613,,2103,350,0,29 30 2 32,0,33,,2102,350,0,29 30 2 32,0,75,,2101,350,0,29 30 2 32,0,36,,2099,350,0,29 30 2 32,0,78,,2100,350,0,29 30 2 32,0,71,,2097,350,0,29 30 2 32,0,31,,2098,350,0,29 30 2 32,0
49001,'Semaine-01',624,,2278,170,,,0,26,,2279,170,,,0,70,,2280,170,,,0,29,,2281,170,,,0,70,,2275,170,,,0,30,,2273,170,,,0,70,,2274,170,,,0,115,,2282,170,,,0,100,,2276,170,,,0,100,,2277,170,,,0,98,,2283,170,,,0,94,,2284,170,,,0,93,,2272,170,,,0,83,,2271,170,,,0,31,,2270,170,,,0,72,,2266,170,,,0,30,,2269,170,,,0,71,,2268,170,,,0,32,,2267,170,,,0,64,,2265,170,,,0,55,,2264,170,,,0,95,,2285,170,,,0
49101,'Fête-1-01',737,,2367,90,,,0,90,,2368,90,,,0,90,,2369,90,,,0,90,,2370,90,,,0,50,,2366,90,,,0,90,,2365,90,,,0,90,,2364,90,,,0,90,,2363,90,,,0,90,,2362,90,,,0,90,,2361,90,,,0,50,,2360,90,,,0,90,,2359,90,,,0,90,,2358,90,,,0,90,,2357,90,,,0,90,,2356,90,,,0,90,,2355,90,,,0,50,,2354,90,,,0,90,,2353,90,,,0,90,,2352,90,,,0
49101,'Semaine-01',616,,2398,90,,,0,21,,2390,90,,,0,68,,2372,90,,,0,22,,2391,90,,,0,75,,2376,90,,,0,29,,2392,90,,,0,73,,2386,90,,,0,29,,2393,90,,,0,24,,2387,90,,,0,146,,2382,90,,,0,101,,2383,90,,,0,99,,2385,90,,,0,54,,2384,90,,,0,100,,2373,90,,,0,93,,2375,90,,,0,65,,2395,90,,,0,35,,2374,90,,,0,75,,2394,90,,,0,21,,2371,90,,,0,76,,2388,90,,,0,21,,2396,90,,,0,90,,2397,90,,,0,90,,2377,90,,,0,95,,2378,90,,,0,99,,2379,90,,,0,95,,2380,90,,,0,95,,2381,90,,,0,50,,2389,90,,,0
49101,'Week-end-01',737,,2414,90,,,0,90,,2415,90,,,0,90,,2416,90,,,0,90,,2417,90,,,0,50,,2413,90,,,0,90,,2412,90,,,0,90,,2411,90,,,0,90,,2410,90,,,0,90,,2409,90,,,0,90,,2408,90,,,0,50,,2407,90,,,0,90,,2406,90,,,0,90,,2405,90,,,0,90,,2404,90,,,0,90,,2403,90,,,0,90,,2402,90,,,0,50,,2401,90,,,0,90,,2400,90,,,0,90,,2399,90,,,0
49301,'Semaine-01',705,,2449,120,,,0,97,,2448,120,,,0,102,,2447,120,,,0,53,,2437,120,,,0,146,,2443,120,,,0,101,,2438,120,,,0,99,,2445,120,,,0,55,,2435,120,,,0,99,,2446,120,,,0,94,,2436,120,,,0,99,,2434,120,,,0,96,,2444,120,,,0,97,,2442,120,,,0,90,,2441,120,,,0,90,,2440,120,,,0,95,,2439,120,,,0
