300,'Fête-2-01',1628,,1103,230,0,27 2 28 8,0,76,,1104,230,0,27 2 28 8,0,35,,1105,230,0,27 2 28 8,0,19,,1106,230,0,27 2 28 8,0,60,,1107,230,0,27 2 28 8,0,21,,1108,230,0,27 2 28 8,0,61,,1109,230,0,27 2 28 8,0
300,'Semaine-03',1628,,67,230,0,27 2 28 8,0,76,,68,230,0,27 2 28 8,0,35,,69,230,0,27 2 28 8,0,19,,70,230,0,27 2 28 8,0,60,,71,230,0,27 2 28 8,0,21,,72,230,0,27 2 28 8,0,61,,73,230,0,27 2 28 8,0
301,'Fête-2-01',541,,1117,140,0,27 2 28 7,0,60,,1111,230,0,27 2 28 7,0,20,,1112,230,0,27 2 28 7,0,20,,1113,230,0,27 2 28 7,0,63,,1114,230,0,27 2 28 7,0,35,,1115,230,0,27 2 28 7,0,65,,1116,230,0,27 2 28 7,0
301,'Semaine-03',541,,89,140,0,27 2 28 7,0,60,,83,230,0,27 2 28 7,0,20,,84,230,0,27 2 28 7,0,20,,85,230,0,27 2 28 7,0,63,,86,230,0,27 2 28 7,0,35,,87,230,0,27 2 28 7,0,65,,88,230,0,27 2 28 7,0
900,'Fête-2-01',549,,1226,160,0,41,0,74,,1230,160,0,41,0,27,,1231,160,0,41,0,71,,1232,160,0,41,0,29,,1233,160,0,41,0,71,,1234,160,0,41,0,738,,1235,160,0,41,0,76,,1236,160,0,41,0,75,,1237,160,0,41,0,99,,1227,160,0,41,0,33,,1228,160,0,41,0,83,,1229,160,0,41,0
900,'Semaine-03',549,,355,160,0,41,0,74,,359,160,0,41,0,27,,360,160,0,41,0,71,,361,160,0,41,0,29,,362,160,0,41,0,71,,363,160,0,41,0,738,,364,160,0,41,0,76,,365,160,0,41,0,75,,366,160,0,41,0,99,,356,160,0,41,0,33,,357,160,0,41,0,83,,358,160,0,41,0
1500,'Fête-2-01',837,,1251,230,,,0,117,,1252,230,,,0,163,,1253,230,,,0,124,,1249,230,,,0,162,,1254,230,,,0,123,,1250,230,,,0,396,,1255,230,,,0,121,,1256,230,,,0,160,,1257,230,,,0,123,,1258,230,,,0
1500,'Semaine-03',837,,408,230,,,0,117,,409,230,,,0,163,,410,230,,,0,124,,406,230,,,0,162,,412,230,,,0,123,,407,230,,,0,396,,413,230,,,0,121,,414,230,,,0,160,,415,230,,,0,123,,416,230,,,0
11500,'Dimanche-01',730,,818,220,,,0,100,,816,220,,,0,127,,809,220,,,0,173,,810,220,,,0,122,,811,220,,,0,165,,812,220,,,0,135,,813,220,,,0,160,,814,220,,,0,120,,815,220,,,0,125,,819,220,,,0,160,,817,220,,,0
11500,'Fête-1-01',630,,1433,220,,,0,100,,1434,220,,,0,100,,1424,220,,,0,127,,1425,220,,,0,173,,1426,220,,,0,122,,1427,220,,,0,165,,1428,220,,,0,135,,1429,220,,,0,160,,1430,220,,,0,120,,1431,220,,,0,125,,1435,220,,,0,160,,1432,220,,,0
11500,'Samedi-01',630,,829,220,,,0,100,,830,220,,,0,100,,820,220,,,0,127,,821,220,,,0,173,,822,220,,,0,122,,823,220,,,0,165,,824,220,,,0,135,,825,220,,,0,160,,826,220,,,0,120,,827,220,,,0,125,,831,220,,,0,160,,828,220,,,0
