500,'Fête-2-01',559,,1137,10,,,0,66,,1143,10,,,0,10,,1144,10,,,0,70,,1145,10,,,0,21,,1146,10,,,0,22,,1147,10,,,0,61,,1148,10,,,0,814,,1149,10,,,0,17,,1150,10,,,0,66,,1138,10,,,0,28,,1152,10,,,0,21,,1139,10,,,0,53,,1140,10,,,0,24,,1153,10,,,0,19,,1141,10,,,0,65,,1142,10,,,0
500,'Semaine-03',559,,144,10,,,0,66,,150,10,,,0,10,,151,10,,,0,70,,152,10,,,0,21,,153,10,,,0,22,,154,10,,,0,61,,155,10,,,0,814,,156,10,,,0,17,,157,10,,,0,66,,145,10,,,0,28,,159,10,,,0,21,,146,10,,,0,53,,147,10,,,0,24,,160,10,,,0,19,,148,10,,,0,65,,149,10,,,0
501,'Fête-2-01',556,,1170,260,4,,0,64,,1154,270,4,,0,15,,1162,270,4,,0,69,,1163,270,4,,0,20,,1164,270,4,,0,16,,1165,270,4,,0,65,,1166,270,4,,0,31,,1167,270,4,,0,794,,1168,270,4,,0,75,,1169,270,4,,0,18,,1155,270,4,,0,19,,1156,270,4,,0,66,,1157,270,4,,0,22,,1158,270,4,,0,13,,1159,270,4,,0,62,,1160,270,4,,0,20,,1161,270,4,,0
501,'Semaine-03',556,,194,260,4,,0,64,,178,270,4,,0,15,,186,270,4,,0,69,,187,270,4,,0,20,,188,270,4,,0,16,,189,270,4,,0,65,,190,270,4,,0,31,,191,270,4,,0,794,,192,270,4,,0,75,,193,270,4,,0,18,,179,270,4,,0,19,,180,270,4,,0,66,,181,270,4,,0,22,,182,270,4,,0,13,,183,270,4,,0,62,,184,270,4,,0,20,,185,270,4,,0
1500,'Fête-2-01',857,,1251,480,4,,0,157,,1252,480,4,,0,123,,1253,480,4,,0,165,,1249,480,4,,0,122,,1254,480,4,,0,123,,1250,480,4,,0,394,,1255,480,4,,0,161,,1256,480,4,,0,120,,1257,480,4,,0,123,,1258,480,4,,0
1500,'Semaine-03',857,,408,480,4,,0,157,,409,480,4,,0,123,,410,480,4,,0,118,,411,170,4,,0,47,,406,480,4,,0,122,,412,480,4,,0,123,,407,480,4,,0,394,,413,480,4,,0,161,,414,480,4,,0,120,,415,480,4,,0,123,,416,480,4,,0
1501,'Fête-2-01',900,,1259,10,,,0,120,,1260,10,,,0,120,,1261,10,,,0,164,,1262,10,,,0,123,,1263,10,,,0,123,,1268,10,,,0,395,,1264,10,,,0,165,,1265,10,,,0,123,,1266,10,,,0,115,,1267,10,,,0
1501,'Semaine-03',900,,427,10,,,0,120,,428,10,,,0,120,,429,10,,,0,164,,430,10,,,0,123,,431,10,,,0,123,,436,10,,,0,395,,432,10,,,0,165,,433,10,,,0,123,,434,10,,,0,115,,435,10,,,0
11500,'Dimanche-01',752,,818,470,4,,0,100,,816,470,4,,0,167,,809,470,4,,0,133,,810,470,4,,0,162,,811,470,4,,0,125,,812,470,4,,0,175,,813,470,4,,0,120,,814,470,4,,0,120,,815,470,4,,0,165,,819,470,4,,0,120,,817,470,4,,0
11500,'Fête-1-01',652,,1433,470,4,,0,100,,1434,470,4,,0,100,,1424,470,4,,0,167,,1425,470,4,,0,133,,1426,470,4,,0,162,,1427,470,4,,0,125,,1428,470,4,,0,175,,1429,470,4,,0,120,,1430,470,4,,0,120,,1431,470,4,,0,165,,1435,470,4,,0,120,,1432,470,4,,0
11500,'Samedi-01',652,,829,470,4,,0,100,,830,470,4,,0,100,,820,470,4,,0,167,,821,470,4,,0,133,,822,470,4,,0,162,,823,470,4,,0,125,,824,470,4,,0,175,,825,470,4,,0,120,,826,470,4,,0,120,,827,470,4,,0,165,,831,470,4,,0,120,,828,470,4,,0
11501,'Dimanche-01',755,,841,10,,,0,145,,839,10,,,0,137,,832,10,,,0,118,,833,10,,,0,165,,834,10,,,0,120,,835,10,,,0,180,,836,10,,,0,120,,837,10,,,0,160,,838,10,,,0,122,,840,10,,,0,120,,842,10,,,0
11501,'Fête-1-01',655,,1445,10,,,0,100,,1446,10,,,0,145,,1436,10,,,0,137,,1437,10,,,0,118,,1438,10,,,0,165,,1439,10,,,0,120,,1440,10,,,0,180,,1441,10,,,0,120,,1442,10,,,0,160,,1443,10,,,0,122,,1444,10,,,0,120,,1447,10,,,0
11501,'Samedi-01',655,,852,10,,,0,100,,853,10,,,0,145,,843,10,,,0,137,,844,10,,,0,118,,845,10,,,0,165,,846,10,,,0,120,,847,10,,,0,180,,848,10,,,0,120,,849,10,,,0,160,,850,10,,,0,122,,851,10,,,0,120,,854,10,,,0
