3501,'Semaine-01',628,,559,20,,,0,77,,583,20,,,0,39,,587,20,,,0,75,,584,20,,,0,15,,570,20,,,0,67,,586,20,,,0,33,,576,20,,,0,90,,577,20,,,0,80,,578,20,,,0,40,,579,20,,,0,85,,580,20,,,0,80,,581,20,,,0,40,,582,20,,,0,85,,560,20,,,0,70,,561,20,,,0,40,,562,20,,,0,370,,571,20,,,0,35,,572,20,,,0,80,,573,20,,,0,85,,574,20,,,0,125,,575,20,,,0
3501,'Semaine-03',628,,588,20,,,0,77,,612,20,,,0,39,,616,20,,,0,75,,613,20,,,0,15,,599,20,,,0,67,,615,20,,,0,33,,605,20,,,0,90,,606,20,,,0,80,,607,20,,,0,40,,608,20,,,0,85,,609,20,,,0,80,,610,20,,,0,40,,611,20,,,0,85,,589,20,,,0,70,,590,20,,,0,40,,591,20,,,0,370,,600,20,,,0,35,,601,20,,,0,80,,602,20,,,0,85,,603,20,,,0,125,,604,20,,,0
4401,'Semaine-01',742,,687,30,,,0
4401,'Semaine-03',742,,692,30,,,0
4500,'Semaine-01',838,,697,20,,,0,80,,698,20,,,0
4500,'Semaine-03',838,,699,20,,,0,80,,700,20,,,0
4501,'Semaine-01',1444,,701,20,,,0,70,,702,20,,,0
4501,'Semaine-03',1444,,703,20,,,0,70,,704,20,,,0
33501,'Dimanche-01',902,,881,20,,,0,120,,877,20,,,0,180,,882,20,,,0,120,,883,20,,,0,180,,885,20,,,0,120,,878,20,,,0,120,,879,20,,,0,165,,880,20,,,0,120,,884,20,,,0
33501,'Samedi-01',902,,887,20,,,0,120,,886,20,,,0,180,,888,20,,,0,120,,889,20,,,0,180,,897,20,,,0,120,,890,20,,,0,120,,891,20,,,0,165,,892,20,,,0,120,,894,20,,,0,120,,895,20,,,0,110,,896,20,0,17 18 19,0
