201,'Fête-2-01',1549,,1095,20,0,33 2 34 35 8,0,74,,1096,20,0,33 2 34 35 8,0,35,,1097,20,0,33 2 34 35 8,0,76,,1100,20,0,33 2 34 35 8,0,23,,1102,20,0,33 2 34 35 8,0,62,,1101,20,0,33 2 34 35 8,0,32,,1099,20,0,33 2 34 35 8,0,65,,1098,20,0,33 2 34 35 8,0
201,'Semaine-03',1549,,51,20,0,33 2 34 35 8,0,74,,52,20,0,33 2 34 35 8,0,35,,53,20,0,33 2 34 35 8,0,76,,56,20,0,33 2 34 35 8,0,23,,58,20,0,33 2 34 35 8,0,62,,57,20,0,33 2 34 35 8,0,32,,55,20,0,33 2 34 35 8,0,65,,54,20,0,33 2 34 35 8,0
400,'Fête-2-01',539,,1119,20,,,0,20,,1120,20,,,0,60,,1124,20,,,0,20,,1121,20,,,0,20,,1128,20,,,0,62,,1129,20,,,0,25,,1122,20,,,0,68,,1123,20,,,0,736,,1130,20,,,0,73,,1131,20,,,0,35,,1132,20,,,0,76,,1133,20,,,0,21,,1134,20,,,0,59,,1135,20,,,0,19,,1125,20,,,0,19,,1126,20,,,0,63,,1127,20,,,0
400,'Semaine-03',539,,109,20,,,0,20,,110,20,,,0,60,,114,20,,,0,20,,111,20,,,0,20,,118,20,,,0,62,,119,20,,,0,25,,112,20,,,0,68,,113,20,,,0,736,,120,20,,,0,73,,121,20,,,0,35,,122,20,,,0,76,,123,20,,,0,21,,124,20,,,0,59,,125,20,,,0,19,,115,20,,,0,19,,116,20,,,0,63,,117,20,,,0
500,'Fête-2-01',527,,1151,10,,,0,73,,1137,20,,,0,26,,1143,20,,,0,10,,1144,20,,,0,70,,1145,20,,,0,21,,1146,20,,,0,22,,1147,20,,,0,61,,1148,20,,,0,814,,1149,20,,,0,17,,1150,20,,,0,66,,1138,20,,,0,28,,1152,20,,,0,21,,1139,20,,,0,53,,1140,20,,,0,24,,1153,20,,,0,19,,1141,20,,,0,65,,1142,20,,,0
500,'Semaine-03',527,,158,10,,,0,73,,144,20,,,0,26,,150,20,,,0,10,,151,20,,,0,70,,152,20,,,0,21,,153,20,,,0,22,,154,20,,,0,61,,155,20,,,0,814,,156,20,,,0,17,,157,20,,,0,66,,145,20,,,0,28,,159,20,,,0,21,,146,20,,,0,53,,147,20,,,0,24,,160,20,,,0,19,,148,20,,,0,65,,149,20,,,0
700,'Fête-2-01',727,,1192,20,0,38,0,22,,1193,20,,,0,64,,1196,20,0,38,0,113,,1190,20,0,38,0,93,,1185,20,,,0,122,,1186,20,,,0,84,,1194,20,,,0,81,,1187,20,,,0,45,,1195,20,,,0,77,,1188,20,,,0,123,,1191,20,,,0,395,,1189,20,,,0
700,'Semaine-03',607,,255,20,0,38,0,100,,256,20,0,38,0,20,,253,20,0,38,0,16,,252,20,0,38,0,6,,257,20,,,0,64,,264,20,0,38,0,28,,249,20,0,38,0,64,,258,20,0,38,0,21,,250,20,0,38,0,25,,259,20,,,0,68,,244,20,,,0,82,,260,20,,,0,40,,245,20,,,0,84,,261,20,,,0,81,,246,20,,,0,45,,262,20,,,0,77,,247,20,,,0,103,,263,20,0,38,0,20,,251,20,,,0,150,,254,20,0,38,0,245,,248,20,,,0
1000,'Fête-2-01',641,,1241,20,,,0,266,,1240,20,,,0,610,,1242,20,,,0,199,,1244,20,,,0,117,,1243,20,,,0
1000,'Semaine-03',641,,377,20,,,0,266,,376,20,,,0,610,,378,20,,,0,109,,382,20,,,0,90,,381,20,,,0,85,,380,20,,,0,32,,379,20,,,0
