100,'Fête-2-01',537,,1078,20,0,31 2 32 7,0,74,,1079,20,0,31 2 32 7,0,26,,1074,20,0,31 2 32 7,0,74,,1075,20,0,31 2 32 7,0,26,,1076,20,0,31 2 32 7,0,74,,1077,20,0,31 2 32 7,0
100,'Semaine-03',537,,12,20,0,31 2 32 7,0,74,,13,20,0,31 2 32 7,0,26,,8,20,0,31 2 32 7,0,74,,9,20,0,31 2 32 7,0,26,,10,20,0,31 2 32 7,0,74,,11,20,0,31 2 32 7,0
101,'Fête-2-01',1550,,1081,20,0,31 2 32 8,0,73,,1082,20,0,31 2 32 8,0,35,,1083,20,0,31 2 32 8,0,76,,1084,20,0,31 2 32 8,0,67,,1085,20,0,31 2 32 8,0,31,,1086,20,0,31 2 32 8,0,83,,1087,20,0,31 2 32 8,0
101,'Semaine-03',1550,,22,20,0,31 2 32 8,0,73,,23,20,0,31 2 32 8,0,35,,24,20,0,31 2 32 8,0,76,,25,20,0,31 2 32 8,0,67,,26,20,0,31 2 32 8,0,31,,27,20,0,31 2 32 8,0,83,,28,20,0,31 2 32 8,0
200,'Fête-2-01',537,,1091,20,0,33 2 34 35 7,0,73,,1088,20,0,33 2 34 35 7,0,28,,1092,20,0,33 2 34 35 7,0,72,,1089,20,0,33 2 34 35 7,0,29,,1093,20,0,33 2 34 35 7,0,69,,1090,20,0,33 2 34 35 7,0
200,'Semaine-03',537,,39,20,0,33 2 34 35 7,0,73,,36,20,0,33 2 34 35 7,0,28,,40,20,0,33 2 34 35 7,0,72,,37,20,0,33 2 34 35 7,0,29,,41,20,0,33 2 34 35 7,0,69,,38,20,0,33 2 34 35 7,0
1501,'Fête-2-01',904,,1259,40,,,0,120,,1260,40,,,0,121,,1261,40,,,0,164,,1262,40,,,0,123,,1263,40,,,0,118,,1268,20,,,0,399,,1264,40,,,0,165,,1265,40,,,0,123,,1266,40,,,0,115,,1267,40,,,0
1501,'Semaine-03',904,,427,40,,,0,120,,428,40,,,0,121,,429,40,,,0,164,,430,40,,,0,123,,431,40,,,0,118,,436,20,,,0,399,,432,40,,,0,165,,433,40,,,0,123,,434,40,,,0,115,,435,40,,,0
11501,'Dimanche-01',756,,841,20,,,0,148,,839,40,,,0,137,,832,40,,,0,118,,833,40,,,0,165,,834,40,,,0,120,,835,40,,,0,180,,836,40,,,0,120,,837,40,,,0,160,,838,40,,,0,122,,840,40,,,0,120,,842,40,,,0
11501,'Fête-1-01',656,,1445,20,,,0,100,,1446,20,,,0,148,,1436,40,,,0,137,,1437,40,,,0,118,,1438,40,,,0,165,,1439,40,,,0,120,,1440,40,,,0,180,,1441,40,,,0,120,,1442,40,,,0,160,,1443,40,,,0,122,,1444,40,,,0,120,,1447,40,,,0
11501,'Samedi-01',656,,852,20,,,0,100,,853,20,,,0,148,,843,40,,,0,137,,844,40,,,0,118,,845,40,,,0,165,,846,40,,,0,120,,847,40,,,0,180,,848,40,,,0,120,,849,40,,,0,160,,850,40,,,0,122,,851,40,,,0,120,,854,40,,,0
