19001,'Fête-1-01',645,,1941,200,,,0,90,,1958,200,,,0,90,,1959,200,,,0,90,,1960,200,,,0,90,,1956,200,,,0,50,,1957,200,,,0,90,,1955,200,,,0,90,,1952,200,,,0,90,,1950,200,,,0,90,,1942,200,,,0,90,,1947,200,,,0,50,,1954,200,,,0,90,,1943,200,,,0,90,,1944,200,,,0,90,,1951,200,,,0,90,,1946,200,,,0,90,,1953,200,,,0,50,,1949,200,,,0,90,,1948,200,,,0,90,,1945,200,,,0
19001,'Semaine-01',535,,1974,200,,,0,79,,1964,200,,,0,21,,1965,200,,,0,67,,1978,200,,,0,33,,1968,200,,,0,65,,1963,200,,,0,30,,1972,200,,,0,71,,1985,200,,,0,54,,1977,200,,,0,146,,1975,200,,,0,100,,1973,200,,,0,100,,1971,200,,,0,55,,1976,200,,,0,100,,1986,200,,,0,148,,1970,200,,,0,30,,1980,200,,,0,75,,1981,200,,,0,35,,1982,200,,,0,77,,1983,200,,,0,38,,1984,200,,,0,70,,1962,200,,,0,92,,1966,200,,,0,90,,1979,200,,,0,103,,1969,200,,,0,91,,1961,200,,,0,102,,1967,200,,,0
19001,'Week-end-01',645,,1987,200,,,0,90,,2004,200,,,0,90,,2005,200,,,0,90,,2006,200,,,0,90,,2002,200,,,0,50,,2003,200,,,0,90,,2001,200,,,0,90,,1998,200,,,0,90,,1996,200,,,0,90,,1988,200,,,0,90,,1993,200,,,0,50,,2000,200,,,0,90,,1989,200,,,0,90,,1990,200,,,0,90,,1997,200,,,0,90,,1992,200,,,0,90,,1999,200,,,0,50,,1995,200,,,0,90,,1994,200,,,0,90,,1991,200,,,0
19200,'Semaine-01',534,,2093,280,0,29 30 2 32,0,70,,2090,340,0,29 30 2 32,0,30,,2095,340,0,29 30 2 32,0,70,,2094,340,0,29 30 2 32,0,30,,2092,340,0,29 30 2 32,0,70,,2091,340,0,29 30 2 32,0,30,,2089,340,0,29 30 2 32,0
19201,'Semaine-01',1611,,2103,330,0,29 30 2 32,0,33,,2102,330,0,29 30 2 32,0,75,,2101,330,0,29 30 2 32,0,36,,2099,330,0,29 30 2 32,0,78,,2100,330,0,29 30 2 32,0,71,,2097,330,0,29 30 2 32,0,31,,2098,330,0,29 30 2 32,0
49001,'Semaine-01',623,,2278,150,,,0,26,,2279,150,,,0,70,,2280,150,,,0,29,,2281,150,,,0,70,,2275,150,,,0,30,,2273,150,,,0,70,,2274,150,,,0,115,,2282,150,,,0,100,,2276,150,,,0,100,,2277,150,,,0,98,,2283,150,,,0,94,,2284,150,,,0,93,,2272,150,,,0,83,,2271,150,,,0,31,,2270,150,,,0,72,,2266,150,,,0,30,,2269,150,,,0,71,,2268,150,,,0,32,,2267,150,,,0,64,,2265,150,,,0,55,,2264,150,,,0,95,,2285,150,,,0
49101,'Fête-1-01',736,,2367,70,,,0,90,,2368,70,,,0,90,,2369,70,,,0,90,,2370,70,,,0,50,,2366,70,,,0,90,,2365,70,,,0,90,,2364,70,,,0,90,,2363,70,,,0,90,,2362,70,,,0,90,,2361,70,,,0,50,,2360,70,,,0,90,,2359,70,,,0,90,,2358,70,,,0,90,,2357,70,,,0,90,,2356,70,,,0,90,,2355,70,,,0,50,,2354,70,,,0,90,,2353,70,,,0,90,,2352,70,,,0
49101,'Semaine-01',615,,2398,70,,,0,21,,2390,70,,,0,68,,2372,70,,,0,22,,2391,70,,,0,75,,2376,70,,,0,29,,2392,70,,,0,73,,2386,70,,,0,29,,2393,70,,,0,24,,2387,70,,,0,146,,2382,70,,,0,101,,2383,70,,,0,99,,2385,70,,,0,54,,2384,70,,,0,100,,2373,70,,,0,93,,2375,70,,,0,65,,2395,70,,,0,35,,2374,70,,,0,75,,2394,70,,,0,21,,2371,70,,,0,76,,2388,70,,,0,21,,2396,70,,,0,90,,2397,70,,,0,90,,2377,70,,,0,95,,2378,70,,,0,99,,2379,70,,,0,95,,2380,70,,,0,95,,2381,70,,,0,50,,2389,70,,,0
49101,'Week-end-01',736,,2414,70,,,0,90,,2415,70,,,0,90,,2416,70,,,0,90,,2417,70,,,0,50,,2413,70,,,0,90,,2412,70,,,0,90,,2411,70,,,0,90,,2410,70,,,0,90,,2409,70,,,0,90,,2408,70,,,0,50,,2407,70,,,0,90,,2406,70,,,0,90,,2405,70,,,0,90,,2404,70,,,0,90,,2403,70,,,0,90,,2402,70,,,0,50,,2401,70,,,0,90,,2400,70,,,0,90,,2399,70,,,0
49301,'Semaine-01',704,,2449,100,,,0,97,,2448,100,,,0,102,,2447,100,,,0,53,,2437,100,,,0,146,,2443,100,,,0,101,,2438,100,,,0,99,,2445,100,,,0,55,,2435,100,,,0,99,,2446,100,,,0,94,,2436,100,,,0,99,,2434,100,,,0,96,,2444,100,,,0,97,,2442,100,,,0,90,,2441,100,,,0,90,,2440,100,,,0,95,,2439,100,,,0
