300,'Semaine-01',1615,,59,20,0,27 2 28 8,0,35,,60,20,0,27 2 28 8,0,75,,61,20,0,27 2 28 8,0,20,,62,20,0,27 2 28 8,0,60,,63,20,0,27 2 28 8,0,21,,64,20,0,27 2 28 8,0,20,,65,20,0,27 2 28 8,0,61,,66,20,0,27 2 28 8,0
300,'Semaine-03',1615,,67,20,0,27 2 28 8,0,35,,68,20,0,27 2 28 8,0,75,,69,20,0,27 2 28 8,0,20,,70,20,0,27 2 28 8,0,60,,71,20,0,27 2 28 8,0,21,,72,20,0,27 2 28 8,0,20,,73,20,0,27 2 28 8,0,61,,74,20,0,27 2 28 8,0
301,'Semaine-01',549,,75,20,0,27 2 28 7,0,59,,76,20,0,27 2 28 7,0,20,,77,20,0,27 2 28 7,0,23,,78,20,0,27 2 28 7,0,75,,79,20,0,27 2 28 7,0,25,,80,20,0,27 2 28 7,0,67,,82,20,0,27 2 28 7,0
301,'Semaine-03',549,,83,20,0,27 2 28 7,0,59,,84,20,0,27 2 28 7,0,20,,85,20,0,27 2 28 7,0,23,,86,20,0,27 2 28 7,0,75,,87,20,0,27 2 28 7,0,25,,88,20,0,27 2 28 7,0,67,,90,20,0,27 2 28 7,0
900,'Semaine-01',523,,354,10,0,29 30,0,28,,341,170,,,0,74,,345,170,,,0,27,,346,170,,,0,71,,347,170,,,0,29,,348,170,,,0,71,,349,170,,,0,778,,350,170,,,0,36,,351,170,,,0,75,,352,170,,,0,99,,342,170,,,0,33,,343,170,,,0,83,,344,170,,,0
900,'Semaine-03',523,,368,10,0,29 30,0,28,,355,170,,,0,74,,359,170,,,0,27,,360,170,,,0,71,,361,170,,,0,29,,362,170,,,0,71,,363,170,,,0,778,,364,170,,,0,36,,365,170,,,0,75,,366,170,,,0,99,,356,170,,,0,33,,357,170,,,0,83,,358,170,,,0
1501,'Semaine-01',917,,417,260,,,0,120,,418,260,,,0,121,,419,260,,,0,164,,420,260,,,0,123,,421,260,,,0,557,,422,260,,,0,125,,423,260,,,0,123,,424,260,,,0,155,,425,260,,,0
1501,'Semaine-03',917,,427,260,,,0,120,,428,260,,,0,121,,429,260,,,0,164,,430,260,,,0,123,,431,260,,,0,557,,432,260,,,0,125,,433,260,,,0,123,,434,260,,,0,155,,435,260,,,0
11501,'Dimanche-01',919,,839,260,,,0,137,,832,260,,,0,158,,833,260,,,0,125,,834,260,,,0,120,,835,260,,,0,180,,836,260,,,0,120,,837,260,,,0,160,,838,260,,,0,122,,840,260,,,0,160,,842,260,,,0
11501,'Samedi-01',919,,843,260,,,0,137,,844,260,,,0,158,,845,260,,,0,125,,846,260,,,0,120,,847,260,,,0,180,,848,260,,,0,120,,849,260,,,0,160,,850,260,,,0,122,,851,260,,,0,160,,854,260,,,0
