600,'Fête-2-01',542,,1171,20,0,36 2 37 7,0,75,,1172,20,0,36 2 37 7,0,27,,1173,20,0,36 2 37 7,0,73,,1174,20,0,36 2 37 7,0,28,,1175,20,0,36 2 37 7,0,71,,1176,20,0,36 2 37 7,0
600,'Semaine-03',542,,202,20,0,36 2 37 7,0,75,,203,20,0,36 2 37 7,0,27,,204,20,0,36 2 37 7,0,73,,205,20,0,36 2 37 7,0,28,,206,20,0,36 2 37 7,0,71,,207,20,0,36 2 37 7,0
900,'Fête-2-01',540,,1226,20,0,41,0,74,,1230,20,0,41,0,27,,1231,20,0,41,0,71,,1232,20,0,41,0,29,,1233,20,0,41,0,71,,1234,20,0,41,0,737,,1235,20,0,41,0,75,,1236,20,0,41,0,35,,1237,20,0,41,0,76,,1238,20,0,41,0,65,,1227,20,0,41,0,33,,1228,20,0,41,0,83,,1229,20,0,41,0
900,'Semaine-03',540,,355,20,0,41,0,74,,359,20,0,41,0,27,,360,20,0,41,0,71,,361,20,0,41,0,29,,362,20,0,41,0,71,,363,20,0,41,0,737,,364,20,0,41,0,75,,365,20,0,41,0,35,,366,20,0,41,0,76,,367,20,0,41,0,65,,356,20,0,41,0,33,,357,20,0,41,0,83,,358,20,0,41,0
1501,'Fête-2-01',903,,1259,20,,,0,120,,1260,20,,,0,120,,1261,20,,,0,164,,1262,20,,,0,123,,1263,20,,,0,518,,1264,20,,,0,165,,1265,20,,,0,123,,1266,20,,,0,115,,1267,20,,,0
1501,'Semaine-03',903,,427,20,,,0,120,,428,20,,,0,120,,429,20,,,0,164,,430,20,,,0,123,,431,20,,,0,518,,432,20,,,0,165,,433,20,,,0,123,,434,20,,,0,115,,435,20,,,0
2100,'Fête-2-01',654,,1269,20,0,29 30,0,101,,1270,20,0,29 30,0,84,,1271,20,0,29 30,0,90,,1272,20,0,29 30,0,621,,1273,20,0,5,0,89,,1274,20,0,5,0,96,,1275,20,0,5,0,98,,1276,20,0,5,0,85,,1277,20,0,5,0
2100,'Semaine-03',654,,447,20,0,29 30,0,101,,448,20,0,29 30,0,84,,449,20,0,29 30,0,90,,450,20,0,29 30,0,621,,451,20,0,5,0,89,,452,20,0,5,0,96,,453,20,0,5,0,98,,454,20,0,5,0,85,,455,20,0,5,0
5100,'Fête-2-01',606,,1399,20,0,24 7,0,35,,1400,20,0,24 7,0,65,,1401,20,0,24 7,0,35,,1402,20,0,24 7,0,62,,1403,20,0,24 7,0
5100,'Semaine-03',606,,752,20,0,24 7,0,35,,753,20,0,24 7,0,65,,754,20,0,24 7,0,35,,755,20,0,24 7,0,62,,756,20,0,24 7,0
5101,'Fête-2-01',1551,,1406,20,0,24 8,0,73,,1407,20,0,24 8,0,35,,1408,20,0,24 8,0,76,,1409,20,0,24 8,0,80,,1410,20,0,24 8,0,19,,1411,20,0,24 8,0,83,,1412,20,0,24 8,0,25,,1413,20,0,24 8,0
5101,'Semaine-03',1551,,767,20,0,24 8,0,73,,768,20,0,24 8,0,35,,769,20,0,24 8,0,76,,770,20,0,24 8,0,80,,771,20,0,24 8,0,19,,772,20,0,24 8,0,83,,773,20,0,24 8,0,25,,774,20,0,24 8,0
11501,'Dimanche-01',903,,839,20,,,0,137,,832,20,,,0,118,,833,20,,,0,165,,834,20,,,0,120,,835,20,,,0,180,,836,20,,,0,120,,837,20,,,0,160,,838,20,,,0,122,,840,20,,,0,120,,842,20,,,0
11501,'Fête-1-01',903,,1436,20,,,0,137,,1437,20,,,0,118,,1438,20,,,0,165,,1439,20,,,0,120,,1440,20,,,0,180,,1441,20,,,0,120,,1442,20,,,0,160,,1443,20,,,0,122,,1444,20,,,0,120,,1447,20,,,0
11501,'Samedi-01',903,,843,20,,,0,137,,844,20,,,0,118,,845,20,,,0,165,,846,20,,,0,120,,847,20,,,0,180,,848,20,,,0,120,,849,20,,,0,160,,850,20,,,0,122,,851,20,,,0,120,,854,20,,,0
