3501,'Semaine-01',624,,559,10,,,0,77,,583,10,,,0,39,,587,10,,,0,75,,584,10,,,0,15,,570,10,,,0,27,,586,10,,,0,73,,576,10,,,0,90,,577,10,,,0,80,,578,10,,,0,40,,579,10,,,0,85,,580,10,,,0,80,,581,10,,,0,40,,582,10,,,0,85,,560,10,,,0,70,,561,10,,,0,40,,562,10,,,0,60,,563,10,,,0,20,,564,10,,,0,80,,565,10,,,0,20,,566,10,,,0,20,,567,10,,,0,80,,568,10,,,0,20,,569,10,,,0,70,,571,10,,,0,35,,572,10,,,0,80,,573,10,,,0,85,,574,10,,,0,125,,575,10,,,0
3501,'Semaine-03',624,,588,10,,,0,77,,612,10,,,0,39,,616,10,,,0,75,,613,10,,,0,15,,599,10,,,0,27,,615,10,,,0,73,,605,10,,,0,90,,606,10,,,0,80,,607,10,,,0,40,,608,10,,,0,85,,609,10,,,0,80,,610,10,,,0,40,,611,10,,,0,85,,589,10,,,0,70,,590,10,,,0,40,,591,10,,,0,60,,592,10,,,0,20,,593,10,,,0,80,,594,10,,,0,20,,595,10,,,0,20,,596,10,,,0,80,,597,10,,,0,20,,598,10,,,0,70,,600,10,,,0,35,,601,10,,,0,80,,602,10,,,0,85,,603,10,,,0,125,,604,10,,,0
4401,'Semaine-01',739,,687,20,,,0,812,,688,20,0,17 16,0,70,,689,20,,,0,82,,690,20,,,0,53,,691,20,,,0
4401,'Semaine-03',739,,692,20,,,0,812,,693,20,0,17 16,0,70,,694,20,,,0,82,,695,20,,,0,53,,696,20,,,0
4500,'Semaine-01',835,,697,10,,,0,80,,698,10,,,0
4500,'Semaine-03',835,,699,10,,,0,80,,700,10,,,0
4501,'Semaine-01',1440,,701,10,,,0,70,,702,10,,,0
4501,'Semaine-03',1440,,703,10,,,0,70,,704,10,,,0
33501,'Dimanche-01',900,,881,10,,,0,120,,877,10,,,0,180,,882,10,,,0,120,,883,10,,,0,180,,885,10,,,0,120,,878,10,,,0,120,,879,10,,,0,165,,880,10,,,0,120,,884,10,,,0
33501,'Samedi-01',900,,887,10,,,0,120,,886,10,,,0,180,,888,10,,,0,120,,889,10,,,0,180,,897,10,,,0,120,,890,10,,,0,120,,891,10,,,0,165,,892,10,,,0,120,,894,10,,,0,120,,895,10,,,0,110,,896,10,0,17 18 19,0
