19000,'Fête-1-03',715,,1098,250,4,,0,90,,1117,250,4,,0,50,,1114,250,4,,0,90,,1116,250,4,,0,90,,1115,250,4,,0,90,,1100,250,4,,0,90,,1105,250,4,,0,90,,1104,250,4,,0,50,,1108,250,4,,0,90,,1103,250,4,,0,90,,1102,250,4,,0,90,,1107,250,4,,0,90,,1101,250,4,,0,90,,1111,250,4,,0,50,,1109,250,4,,0,90,,1113,250,4,,0,90,,1112,250,4,,0,90,,1099,250,4,,0,90,,1110,250,4,,0,90,,1106,250,4,,0
19000,'Week-end-02',715,,1144,250,4,,0,90,,1163,250,4,,0,50,,1160,250,4,,0,90,,1162,250,4,,0,90,,1161,250,4,,0,90,,1146,250,4,,0,90,,1151,250,4,,0,90,,1150,250,4,,0,50,,1154,250,4,,0,90,,1149,250,4,,0,90,,1148,250,4,,0,90,,1153,250,4,,0,90,,1147,250,4,,0,90,,1157,250,4,,0,50,,1155,250,4,,0,90,,1159,250,4,,0,90,,1158,250,4,,0,90,,1145,250,4,,0,90,,1156,250,4,,0,90,,1152,250,4,,0
19001,'Fête-1-03',630,,1164,10,,,0,90,,1181,10,,,0,90,,1182,10,,,0,90,,1183,10,,,0,50,,1179,10,,,0,90,,1180,10,,,0,90,,1178,10,,,0,90,,1175,10,,,0,90,,1173,10,,,0,90,,1165,10,,,0,50,,1170,10,,,0,90,,1177,10,,,0,90,,1166,10,,,0,90,,1167,10,,,0,90,,1174,10,,,0,90,,1169,10,,,0,50,,1176,10,,,0,90,,1172,10,,,0,90,,1171,10,,,0,90,,1168,10,,,0
19001,'Week-end-02',630,,1210,10,,,0,90,,1227,10,,,0,90,,1228,10,,,0,90,,1229,10,,,0,50,,1225,10,,,0,90,,1226,10,,,0,90,,1224,10,,,0,90,,1221,10,,,0,90,,1219,10,,,0,90,,1211,10,,,0,50,,1216,10,,,0,90,,1223,10,,,0,90,,1212,10,,,0,90,,1213,10,,,0,90,,1220,10,,,0,90,,1215,10,,,0,50,,1222,10,,,0,90,,1218,10,,,0,90,,1217,10,,,0,90,,1214,10,,,0
19100,'Fête-1-03',715,,1230,280,4,,0,140,,1233,280,4,,0,180,,1235,280,4,,0,180,,1232,280,4,,0,140,,1231,280,4,,0,180,,1236,280,4,,0,180,,1234,280,4,,0,140,,1237,280,4,,0,180,,1238,280,4,,0,180,,1239,280,4,,0
19100,'Week-end-02',715,,1261,280,4,,0,140,,1264,280,4,,0,180,,1266,280,4,,0,180,,1263,280,4,,0,140,,1262,280,4,,0,180,,1267,280,4,,0,180,,1265,280,4,,0,140,,1268,280,4,,0,180,,1269,280,4,,0,180,,1270,280,4,,0
19101,'Fête-1-03',630,,1271,10,,,0,180,,1280,10,,,0,140,,1279,10,,,0,180,,1274,10,,,0,180,,1277,10,,,0,140,,1278,10,,,0,180,,1276,10,,,0,180,,1273,10,,,0,140,,1272,10,,,0,180,,1275,10,,,0
19101,'Week-end-02',630,,1302,10,,,0,180,,1311,10,,,0,140,,1310,10,,,0,180,,1305,10,,,0,180,,1308,10,,,0,140,,1309,10,,,0,180,,1307,10,,,0,180,,1304,10,,,0,140,,1303,10,,,0,180,,1306,10,,,0
20001,'Fête-1-03',720,,1353,10,,,0,15,,1353,180,4,,0,15,,1354,10,,,0,55,,1354,180,4,,0,95,,1355,10,,,0,15,,1355,180,4,,0,15,,1356,10,,,0,15,,1356,180,4,,0,95,,1357,10,,,0,15,,1357,180,4,,0,55,,1361,10,,,0,15,,1361,180,4,,0,95,,1365,10,,,0,15,,1365,180,4,,0,15,,1369,10,,,0,55,,1369,180,4,,0,95,,1358,10,,,0,15,,1358,180,4,,0,15,,1362,10,,,0,15,,1362,180,4,,0,95,,1366,10,,,0,15,,1366,180,4,,0,55,,1370,10,,,0,15,,1370,180,4,,0,95,,1359,10,,,0,15,,1359,180,4,,0,15,,1363,10,,,0,55,,1363,180,4,,0,95,,1367,10,,,0,15,,1367,180,4,,0,15,,1371,10,,,0,15,,1371,180,4,,0,95,,1360,10,,,0,15,,1360,180,4,,0,55,,1364,10,,,0,15,,1364,180,4,,0,95,,1368,10,,,0,15,,1368,180,4,,0
20001,'Week-end-02',720,,1402,10,,,0,15,,1402,180,4,,0,15,,1403,10,,,0,55,,1403,180,4,,0,95,,1404,10,,,0,15,,1404,180,4,,0,15,,1405,10,,,0,15,,1405,180,4,,0,95,,1406,10,,,0,15,,1406,180,4,,0,55,,1410,10,,,0,15,,1410,180,4,,0,95,,1414,10,,,0,15,,1414,180,4,,0,15,,1418,10,,,0,55,,1418,180,4,,0,95,,1407,10,,,0,15,,1407,180,4,,0,15,,1411,10,,,0,15,,1411,180,4,,0,95,,1415,10,,,0,15,,1415,180,4,,0,55,,1419,10,,,0,15,,1419,180,4,,0,95,,1408,10,,,0,15,,1408,180,4,,0,15,,1412,10,,,0,55,,1412,180,4,,0,95,,1416,10,,,0,15,,1416,180,4,,0,15,,1420,10,,,0,15,,1420,180,4,,0,95,,1409,10,,,0,15,,1409,180,4,,0,55,,1413,10,,,0,15,,1413,180,4,,0,95,,1417,10,,,0,15,,1417,180,4,,0
79000,'Fête-1-03',722,,1754,10,,,0,180,,1753,10,,,0,140,,1755,10,,,0,180,,1751,10,,,0,180,,1756,10,,,0,140,,1752,10,,,0,180,,1750,10,,,0,180,,1757,10,,,0,140,,1758,10,,,0,180,,1759,10,,,0
79000,'Week-end-02',722,,1764,10,,,0,180,,1763,10,,,0,140,,1765,10,,,0,180,,1761,10,,,0,180,,1766,10,,,0,140,,1762,10,,,0,180,,1760,10,,,0,180,,1767,10,,,0,140,,1768,10,,,0,180,,1769,10,,,0
79001,'Fête-1-03',853,,1775,280,4,,0,180,,1770,280,4,,0,180,,1773,280,4,,0,140,,1774,280,4,,0,180,,1776,280,4,,0,180,,1771,280,4,,0,140,,1772,280,4,,0,180,,1777,280,4,,0,180,,1778,280,4,,0,140,,1779,280,4,,0
79001,'Week-end-02',853,,1785,280,4,,0,180,,1780,280,4,,0,180,,1783,280,4,,0,140,,1784,280,4,,0,180,,1786,280,4,,0,180,,1781,280,4,,0,140,,1782,280,4,,0,180,,1787,280,4,,0,180,,1788,280,4,,0,140,,1789,280,4,,0
