600,'Semaine-01',542,,195,30,0,36 2 37 7,0,75,,196,30,0,36 2 37 7,0,27,,197,30,0,36 2 37 7,0,73,,198,30,0,36 2 37 7,0,28,,199,30,0,36 2 37 7,0,71,,200,30,0,36 2 37 7,0
600,'Semaine-03',542,,202,30,0,36 2 37 7,0,75,,203,30,0,36 2 37 7,0,27,,204,30,0,36 2 37 7,0,73,,205,30,0,36 2 37 7,0,28,,206,30,0,36 2 37 7,0,71,,207,30,0,36 2 37 7,0
900,'Semaine-01',540,,341,30,,,0,74,,345,30,,,0,27,,346,30,,,0,71,,347,30,,,0,29,,348,30,,,0,71,,349,30,,,0,738,,350,30,,,0,75,,351,30,,,0,75,,352,30,,,0,36,,353,30,,,0,65,,342,30,,,0,33,,343,30,,,0,83,,344,30,,,0
900,'Semaine-03',540,,355,30,,,0,74,,359,30,,,0,27,,360,30,,,0,71,,361,30,,,0,29,,362,30,,,0,71,,363,30,,,0,738,,364,30,,,0,75,,365,30,,,0,75,,366,30,,,0,36,,367,30,,,0,65,,356,30,,,0,33,,357,30,,,0,83,,358,30,,,0
2100,'Semaine-01',655,,437,30,,,0,101,,438,30,,,0,84,,439,30,,,0,90,,440,30,,,0,621,,441,30,0,5,0,89,,442,30,0,5,0,96,,443,30,0,5,0,98,,444,30,0,5,0,85,,445,30,0,5,0
2100,'Semaine-03',655,,447,30,,,0,101,,448,30,,,0,84,,449,30,,,0,90,,450,30,,,0,621,,451,30,0,5,0,89,,452,30,0,5,0,96,,453,30,0,5,0,98,,454,30,0,5,0,85,,455,30,0,5,0
5100,'Semaine-01',606,,745,30,0,24 7,0,35,,746,30,0,24 7,0,65,,747,30,0,24 7,0,35,,748,30,0,24 7,0,63,,749,30,0,24 7,0
5100,'Semaine-03',606,,752,30,0,24 7,0,35,,753,30,0,24 7,0,65,,754,30,0,24 7,0,35,,755,30,0,24 7,0,63,,756,30,0,24 7,0
5101,'Semaine-01',1551,,759,30,0,24 8,0,73,,760,30,0,24 8,0,35,,761,30,0,24 8,0,76,,762,30,0,24 8,0,80,,763,30,0,24 8,0,19,,764,30,0,24 8,0,83,,765,30,0,24 8,0,25,,766,30,0,24 8,0
5101,'Semaine-03',1551,,767,30,0,24 8,0,73,,768,30,0,24 8,0,35,,769,30,0,24 8,0,76,,770,30,0,24 8,0,80,,771,30,0,24 8,0,19,,772,30,0,24 8,0,83,,773,30,0,24 8,0,25,,774,30,0,24 8,0
