601,'Semaine-01',1607,,209,340,0,36 2 37 8,0,33,,210,340,0,36 2 37 8,0,75,,211,340,0,36 2 37 8,0,36,,212,340,0,36 2 37 8,0,64,,213,340,0,36 2 37 8,0,33,,214,340,0,36 2 37 8,0,84,,215,340,0,36 2 37 8,0
601,'Semaine-03',1607,,216,340,0,36 2 37 8,0,33,,217,340,0,36 2 37 8,0,75,,218,340,0,36 2 37 8,0,36,,219,340,0,36 2 37 8,0,64,,220,340,0,36 2 37 8,0,33,,221,340,0,36 2 37 8,0,84,,222,340,0,36 2 37 8,0
900,'Semaine-01',532,,354,150,0,29 30,0,68,,341,310,,,0,34,,345,310,,,0,67,,346,310,,,0,31,,347,310,,,0,69,,348,310,,,0,31,,349,310,,,0,778,,350,310,,,0,36,,351,310,,,0,75,,352,310,,,0,30,,353,200,,,0,69,,342,310,,,0,33,,343,310,,,0,83,,344,310,,,0
900,'Semaine-03',532,,368,150,0,29 30,0,68,,355,310,,,0,34,,359,310,,,0,67,,360,310,,,0,31,,361,310,,,0,69,,362,310,,,0,31,,363,310,,,0,778,,364,310,,,0,36,,365,310,,,0,75,,366,310,,,0,30,,367,200,,,0,69,,356,310,,,0,33,,357,310,,,0,83,,358,310,,,0
2100,'Semaine-01',630,,446,250,,,0,103,,437,340,,,0,99,,438,340,,,0,84,,439,340,,,0,90,,440,340,,,0,623,,441,340,0,5,0,89,,442,340,0,5,0,96,,443,340,0,5,0,97,,444,340,0,5,0
2100,'Semaine-03',630,,456,250,,,0,103,,447,340,,,0,99,,448,340,,,0,84,,449,340,,,0,90,,450,340,,,0,623,,451,340,0,5,0,89,,452,340,0,5,0,96,,453,340,0,5,0,97,,454,340,0,5,0
5100,'Semaine-01',558,,750,440,0,24 7,0,75,,751,440,0,24 7,0,24,,745,470,0,24 7,0,76,,746,470,0,24 7,0,25,,747,470,0,24 7,0,74,,748,470,0,24 7,0,20,,749,470,0,24 7,0
5100,'Semaine-03',558,,757,440,0,24 7,0,75,,758,440,0,24 7,0,24,,752,470,0,24 7,0,76,,753,470,0,24 7,0,25,,754,470,0,24 7,0,74,,755,470,0,24 7,0,20,,756,470,0,24 7,0
5101,'Semaine-01',1635,,759,470,0,24 8,0,73,,760,470,0,24 8,0,35,,761,470,0,24 8,0,75,,762,470,0,24 8,0,40,,763,470,0,24 8,0,57,,764,470,0,24 8,0
5101,'Semaine-03',1635,,767,470,0,24 8,0,73,,768,470,0,24 8,0,35,,769,470,0,24 8,0,75,,770,470,0,24 8,0,40,,771,470,0,24 8,0,57,,772,470,0,24 8,0
6100,'Semaine-01',615,,779,250,0,23 7,0,120,,778,300,0,23 7,0,110,,775,380,0,23 7,0,155,,776,380,0,23 7,0,120,,777,380,0,23 7,0
6100,'Semaine-03',615,,784,250,0,23 7,0,120,,783,300,0,23 7,0,110,,780,380,0,23 7,0,155,,781,380,0,23 7,0,120,,782,380,0,23 7,0
6101,'Semaine-01',1543,,788,290,0,23 8,0,106,,785,380,0,23 8,0,108,,786,380,0,23 8,0,174,,787,380,0,23 8,0
6101,'Semaine-03',1543,,793,290,0,23 8,0,106,,790,380,0,23 8,0,108,,791,380,0,23 8,0,174,,792,380,0,23 8,0
