19000,'Fête-1-01',658,,1875,40,0,40,0,90,,1894,40,0,40,0,90,,1891,40,0,40,0,90,,1893,40,0,40,0,90,,1892,40,0,40,0,90,,1877,40,0,40,0,50,,1882,40,0,40,0,90,,1881,40,0,40,0,90,,1885,40,0,40,0,90,,1880,40,0,40,0,90,,1879,40,0,40,0,90,,1884,40,0,40,0,50,,1878,40,0,40,0,90,,1888,40,0,40,0,90,,1886,40,0,40,0,90,,1890,40,0,40,0,90,,1889,40,0,40,0,90,,1876,40,0,40,0,50,,1887,40,0,40,0,90,,1883,40,0,40,0
19000,'Semaine-01',530,,1918,40,,,0,29,,1914,40,,,0,67,,1897,40,,,0,31,,1904,40,,,0,67,,1899,40,,,0,30,,1920,40,,,0,59,,1895,40,,,0,34,,1908,40,,,0,71,,1911,40,,,0,97,,1913,40,,,0,101,,1905,40,,,0,101,,1919,40,,,0,98,,1906,40,,,0,96,,1900,40,,,0,103,,1917,40,,,0,114,,1901,40,,,0,73,,1916,40,,,0,36,,1903,40,,,0,78,,1915,40,,,0,38,,1902,40,,,0,90,,1909,40,,,0,90,,1912,40,,,0,95,,1907,40,,,0,100,,1896,40,,,0,106,,1910,40,,,0,85,,1898,40,,,0
19000,'Week-end-01',658,,1921,40,0,40,0,90,,1940,40,0,40,0,90,,1937,40,0,40,0,90,,1939,40,0,40,0,90,,1938,40,0,40,0,90,,1923,40,0,40,0,50,,1928,40,0,40,0,90,,1927,40,0,40,0,90,,1931,40,0,40,0,90,,1926,40,0,40,0,90,,1925,40,0,40,0,90,,1930,40,0,40,0,50,,1924,40,0,40,0,90,,1934,40,0,40,0,90,,1932,40,0,40,0,90,,1936,40,0,40,0,90,,1935,40,0,40,0,90,,1922,40,0,40,0,50,,1933,40,0,40,0,90,,1929,40,0,40,0
19200,'Semaine-01',543,,2090,40,0,29 30 2 32,0,70,,2095,40,0,29 30 2 32,0,30,,2094,40,0,29 30 2 32,0,70,,2092,40,0,29 30 2 32,0,30,,2091,40,0,29 30 2 32,0,70,,2089,40,0,29 30 2 32,0
19201,'Semaine-01',1551,,2103,40,0,29 30 2 32,0,73,,2102,40,0,29 30 2 32,0,35,,2101,40,0,29 30 2 32,0,76,,2099,40,0,29 30 2 32,0,78,,2100,40,0,29 30 2 32,0,31,,2097,40,0,29 30 2 32,0,71,,2098,40,0,29 30 2 32,0,31,,2096,40,0,32,0
49000,'Semaine-01',608,,2253,40,,,0,30,,2242,40,,,0,65,,2243,40,,,0,30,,2252,40,,,0,70,,2250,40,,,0,27,,2251,40,,,0,73,,2255,40,,,0,35,,2257,40,,,0,110,,2256,40,,,0,100,,2263,40,,,0,99,,2262,40,,,0,97,,2259,40,,,0,93,,2258,40,,,0,77,,2246,40,,,0,34,,2248,40,,,0,66,,2249,40,,,0,32,,2244,40,,,0,71,,2247,40,,,0,31,,2254,40,,,0,69,,2245,40,,,0,97,,2261,40,,,0,94,,2260,40,,,0
49100,'Fête-1-01',658,,2300,40,,,0,90,,2301,40,,,0,90,,2302,40,,,0,90,,2303,40,,,0,90,,2304,40,,,0,90,,2296,40,,,0,50,,2297,40,,,0,90,,2299,40,,,0,90,,2289,40,,,0,90,,2286,40,,,0,90,,2293,40,,,0,90,,2288,40,,,0,50,,2294,40,,,0,90,,2292,40,,,0,90,,2295,40,,,0,90,,2287,40,,,0,90,,2290,40,,,0,90,,2291,40,,,0,50,,2298,40,,,0
49100,'Semaine-01',530,,2332,40,,,0,18,,2324,40,,,0,80,,2305,40,,,0,20,,2325,40,,,0,68,,2306,40,,,0,32,,2326,40,,,0,65,,2307,40,,,0,31,,2327,40,,,0,74,,2317,40,,,0,91,,2318,40,,,0,109,,2319,40,,,0,100,,2328,40,,,0,100,,2321,40,,,0,92,,2316,40,,,0,98,,2308,40,,,0,22,,2320,40,,,0,75,,2309,40,,,0,24,,2329,40,,,0,73,,2310,40,,,0,35,,2330,40,,,0,21,,2311,40,,,0,96,,2331,40,,,0,90,,2322,40,,,0,90,,2313,40,,,0,95,,2314,40,,,0,100,,2315,40,,,0,94,,2312,40,,,0,95,,2323,40,,,0
49100,'Week-end-01',658,,2347,40,,,0,90,,2348,40,,,0,90,,2349,40,,,0,90,,2350,40,,,0,90,,2351,40,,,0,90,,2343,40,,,0,50,,2344,40,,,0,90,,2346,40,,,0,90,,2336,40,,,0,90,,2333,40,,,0,90,,2340,40,,,0,90,,2335,40,,,0,50,,2341,40,,,0,90,,2339,40,,,0,90,,2342,40,,,0,90,,2334,40,,,0,90,,2337,40,,,0,90,,2338,40,,,0,50,,2345,40,,,0
49300,'Semaine-01',626,,2422,50,,,0,89,,2430,50,,,0,98,,2431,50,,,0,104,,2432,50,,,0,91,,2424,50,,,0,110,,2423,50,,,0,100,,2426,50,,,0,98,,2420,50,,,0,94,,2419,50,,,0,99,,2421,50,,,0,95,,2428,50,,,0,97,,2425,50,,,0,56,,2418,50,,,0,97,,2427,50,,,0,90,,2429,50,,,0,90,,2433,50,,,0
