1,100,'Semaine-01',1,2,3,4,5,6,7
1,100,'Semaine-03',8,9,10,11,12,13,14
1,101,'Semaine-01',15,16,17,18,19,20,21
1,101,'Semaine-03',22,23,24,25,26,27,28
2,200,'Semaine-01',29,30,31,32,33,34,35
2,200,'Semaine-03',36,37,38,39,40,41,42
2,201,'Semaine-01',43,44,45,46,47,48,49,50
2,201,'Semaine-03',51,52,53,54,55,56,57,58
3,300,'Semaine-01',59,60,61,62,63,64,65,66
3,300,'Semaine-03',67,68,69,70,71,72,73,74
3,301,'Semaine-01',75,76,77,78,79,80,81,82
3,301,'Semaine-03',83,84,85,86,87,88,89,90
4,400,'Semaine-01',91,92,93,94,95,96,97,98,99,100,101,102,103,104,105,106,107,108
4,400,'Semaine-03',109,110,111,112,113,114,115,116,117,118,119,120,121,122,123,124,125,126
5,500,'Semaine-01',127,128,129,130,131,132,133,134,135,136,137,138,139,140,141,142,143
5,500,'Semaine-03',144,145,146,147,148,149,150,151,152,153,154,155,156,157,158,159,160
5,501,'Semaine-01',161,162,163,164,165,166,167,168,169,170,171,172,173,174,175,176,177
5,501,'Semaine-03',178,179,180,181,182,183,184,185,186,187,188,189,190,191,192,193,194
6,600,'Semaine-01',195,196,197,198,199,200,201
6,600,'Semaine-03',202,203,204,205,206,207,208
6,601,'Semaine-01',209,210,211,212,213,214,215
6,601,'Semaine-03',216,217,218,219,220,221,222
7,700,'Semaine-01',223,224,225,226,227,228,229,230,231,232,233,234,235,236,237,238,239,240,241,242,243
7,700,'Semaine-03',244,245,246,247,248,249,250,251,252,253,254,255,256,257,258,259,260,261,262,263,264
7,701,'Semaine-01',265,266,267,268,269,270,271,272,273,274,275,276,277,278,279,280,281,282,283,284,285,286,287,288
7,701,'Semaine-03',289,290,291,292,293,294,295,296,297,298,299,300,301,302,303,304,305,306,307,308,309,310,311,312
8,800,'Semaine-01',313,314,315,316,317,318,319
8,800,'Semaine-03',320,321,322,323,324,325,326
8,801,'Semaine-01',327,328,329,330,331,332,333
8,801,'Semaine-03',334,335,336,337,338,339,340
9,900,'Semaine-01',341,342,343,344,345,346,347,348,349,350,351,352,353,354
9,900,'Semaine-03',355,356,357,358,359,360,361,362,363,364,365,366,367,368
10,1000,'Semaine-01',369,370,371,372,373,374,375
10,1000,'Semaine-03',376,377,378,379,380,381,382
10,1001,'Semaine-01',383,384,385,386,387,388
10,1001,'Semaine-03',389,390,391,392,393,394
15,1500,'Semaine-01',395,396,397,398,399,400,401,402,403,404,405
15,1500,'Semaine-03',406,407,408,409,410,411,412,413,414,415,416
15,1501,'Semaine-01',417,418,419,420,421,422,423,424,425,426
15,1501,'Semaine-03',427,428,429,430,431,432,433,434,435,436
21,2100,'Semaine-01',437,438,439,440,441,442,443,444,445,446
21,2100,'Semaine-03',447,448,449,450,451,452,453,454,455,456
31,3100,'Semaine-01',457,458,459,460,461
31,3100,'Semaine-03',462,463,464,465,466
31,3101,'Semaine-01',467,468,469,470,471,472
31,3101,'Semaine-03',473,474,475,476,477,478
33,3300,'Semaine-01',479,480,481,482,483
33,3300,'Semaine-03',484,485,486,487,488
33,3301,'Semaine-01',489,490,491,492,493,494
33,3301,'Semaine-03',495,496,497,498,499,500
35,3500,'Semaine-01',501,502,503,504,505,506,507,508,509,510,511,512,513,514,515,516,517,518,519,520,521,522,523,524,525,526,527,528,529
35,3500,'Semaine-03',530,531,532,533,534,535,536,537,538,539,540,541,542,543,544,545,546,547,548,549,550,551,552,553,554,555,556,557,558
35,3501,'Semaine-01',559,560,561,562,563,564,565,566,567,568,569,570,571,572,573,574,575,576,577,578,579,580,581,582,583,584,585,586,587
35,3501,'Semaine-03',588,589,590,591,592,593,594,595,596,597,598,599,600,601,602,603,604,605,606,607,608,609,610,611,612,613,614,615,616
41,4100,'Semaine-01',617,618,619,620,621
41,4100,'Semaine-03',622,623,624,625,626
41,4101,'Semaine-01',627,628,629,630,631
41,4101,'Semaine-03',632,633,634,635,636
42,4200,'Semaine-01',637,638,639,640,641
42,4200,'Semaine-03',642,643,644,645,646
42,4201,'Semaine-01',647,648,649,650,651
42,4201,'Semaine-03',652,653,654,655,656
43,4300,'Semaine-01',657,658,659,660,661
43,4300,'Semaine-03',662,663,664,665,666
43,4301,'Semaine-01',667,668,669,670,671
43,4301,'Semaine-03',672,673,674,675,676
44,4400,'Semaine-01',677,678,679,680,681
44,4400,'Semaine-03',682,683,684,685,686
44,4401,'Semaine-01',687,688,689,690,691
44,4401,'Semaine-03',692,693,694,695,696
45,4500,'Semaine-01',697,698
45,4500,'Semaine-03',699,700
45,4501,'Semaine-01',701,702
45,4501,'Semaine-03',703,704
46,4600,'Semaine-01',705,706,707,708,709,710,711,712,713,714
46,4600,'Semaine-03',715,716,717,718,719,720,721,722,723,724
47,4700,'Semaine-01',725,726,727,728,729
47,4700,'Semaine-03',730,731,732,733,734
47,4701,'Semaine-01',735,736,737,738,739
47,4701,'Semaine-03',740,741,742,743,744
51,5100,'Semaine-01',745,746,747,748,749,750,751
51,5100,'Semaine-03',752,753,754,755,756,757,758
51,5101,'Semaine-01',759,760,761,762,763,764,765,766
51,5101,'Semaine-03',767,768,769,770,771,772,773,774
61,6100,'Semaine-01',775,776,777,778,779
61,6100,'Semaine-03',780,781,782,783,784
61,6101,'Semaine-01',785,786,787,788,789
61,6101,'Semaine-03',790,791,792,793,794
91,9100,'Semaine-01',795,796,797,798
91,9100,'Semaine-03',799,800,801,802
91,9101,'Semaine-01',803,804,805
91,9101,'Semaine-03',806,807,808
115,11500,'Dimanche-01',809,810,811,812,813,814,815,816,817,818,819
115,11500,'Samedi-01',820,821,822,823,824,825,826,827,828,829,830,831
115,11501,'Dimanche-01',832,833,834,835,836,837,838,839,840,841,842
115,11501,'Samedi-01',843,844,845,846,847,848,849,850,851,852,853,854
335,33500,'Dimanche-01',855,856,857,858,859,860,861,862,863,864
335,33500,'Samedi-01',865,866,867,868,869,870,871,872,873,874,875,876
335,33501,'Dimanche-01',877,878,879,880,881,882,883,884,885
335,33501,'Samedi-01',886,887,888,889,890,891,892,893,894,895,896,897
1000040,100004000,'Dimanche-01',898,899,900,901,902,903
1000040,100004000,'Samedi-01',904,905,906,907,908,909,910,911
1000040,100004000,'Semaine-01',912,913,914,915,916,917,918,919,920,921,922,923,924,925,926,927,928,929,930,931,932,933,934,935,936,937,938,939,940,941,942,943,944,945,946,947,948
1000040,100004000,'Semaine-03',949,950,951,952,953,954,955,956,957,958,959,960,961,962,963,964,965,966,967,968,969,970,971,972,973,974,975,976,977,978,979,980,981,982,983,984,985
1000040,100004001,'Dimanche-01',986,987,988,989,990,991
1000040,100004001,'Samedi-01',992,993,994,995,996,997,998,999
1000040,100004001,'Semaine-01',1000,1001,1002,1003,1004,1005,1006,1007,1008,1009,1010,1011,1012,1013,1014,1015,1016,1017,1018,1019,1020,1021,1022,1023,1024,1025,1026,1027,1028,1029,1030,1031,1032,1033,1034,1035,1036
1000040,100004001,'Semaine-03',1037,1038,1039,1040,1041,1042,1043,1044,1045,1046,1047,1048,1049,1050,1051,1052,1053,1054,1055,1056,1057,1058,1059,1060,1061,1062,1063,1064,1065,1066,1067,1068,1069,1070,1071,1072,1073
