100004000,'Dimanche-01',900,,898,10,,,0,130,,899,10,,,0,415,,900,10,,,0,175,,901,10,,,0,120,,902,10,,,0,160,,903,10,,,0
100004000,'Fête-1-01',700,,1472,10,,,0,200,,1473,10,,,0,130,,1474,10,,,0,170,,1475,10,,,0,245,,1476,10,,,0,175,,1477,10,,,0,120,,1478,10,,,0,160,,1479,10,,,0
100004000,'Fête-2-01',540,,1489,10,,,0,65,,1499,10,,,0,20,,1509,10,,,0,15,,1513,10,,,0,60,,1514,10,,,0,10,,1515,10,,,0,30,,1516,10,,,0,15,,1480,10,,,0,70,,1481,10,,,0,15,,1482,10,,,0,65,,1483,10,,,0,20,,1484,10,,,0,20,,1485,10,,,0,75,,1486,10,,,0,85,,1487,10,,,0,35,,1488,10,,,0,85,,1490,10,,,0,80,,1491,10,,,0,40,,1492,10,,,0,85,,1493,10,,,0,70,,1494,10,,,0,30,,1495,10,,,0,20,,1496,10,,,0,55,,1497,10,,,0,25,,1498,10,,,0,75,,1500,10,,,0,20,,1501,10,,,0,15,,1502,10,,,0,15,,1503,10,,,0,75,,1504,10,,,0,70,,1505,10,,,0,45,,1506,10,,,0,80,,1507,10,,,0,80,,1508,10,,,0,40,,1510,10,,,0,80,,1511,10,,,0,80,,1512,10,,,0
100004000,'Samedi-01',700,,904,10,,,0,200,,905,10,,,0,130,,906,10,,,0,170,,907,10,,,0,245,,908,10,,,0,175,,909,10,,,0,120,,910,10,,,0,160,,911,10,,,0
100004000,'Semaine-03',540,,958,10,,,0,65,,968,10,,,0,20,,978,10,,,0,15,,982,10,,,0,60,,983,10,,,0,10,,984,10,,,0,30,,985,10,,,0,15,,949,10,,,0,70,,950,10,,,0,15,,951,10,,,0,65,,952,10,,,0,20,,953,10,,,0,20,,954,10,,,0,75,,955,10,,,0,85,,956,10,,,0,35,,957,10,,,0,85,,959,10,,,0,80,,960,10,,,0,40,,961,10,,,0,85,,962,10,,,0,70,,963,10,,,0,30,,964,10,,,0,20,,965,10,,,0,55,,966,10,,,0,25,,967,10,,,0,75,,969,10,,,0,20,,970,10,,,0,15,,971,10,,,0,15,,972,10,,,0,75,,973,10,,,0,70,,974,10,,,0,45,,975,10,,,0,80,,976,10,,,0,80,,977,10,,,0,40,,979,10,,,0,80,,980,10,,,0,80,,981,10,,,0
100004001,'Dimanche-01',1025,,986,50,4,,0,125,,987,50,4,,0,465,,988,50,4,,0,120,,989,50,4,,0,120,,990,50,4,,0,160,,991,50,4,,0
100004001,'Fête-1-01',820,,1517,50,4,,0,205,,1518,50,4,,0,125,,1519,50,4,,0,165,,1520,50,4,,0,300,,1521,50,4,,0,120,,1522,50,4,,0,120,,1523,50,4,,0,160,,1524,50,4,,0
100004001,'Fête-2-01',650,,1535,50,4,,0,55,,1544,50,4,,0,30,,1554,50,4,,0,20,,1558,50,4,,0,65,,1559,50,4,,0,10,,1560,50,4,,0,25,,1561,50,4,,0,65,,1525,50,4,,0,20,,1526,50,4,,0,75,,1527,50,4,,0,20,,1528,50,4,,0,20,,1529,50,4,,0,80,,1530,50,4,,0,80,,1531,50,4,,0,85,,1532,50,4,,0,40,,1533,50,4,,0,80,,1534,50,4,,0,80,,1536,50,4,,0,45,,1537,50,4,,0,55,,1538,50,4,,0,20,,1539,50,4,,0,30,,1540,50,4,,0,60,,1541,50,4,,0,20,,1542,50,4,,0,25,,1543,50,4,,0,75,,1545,50,4,,0,15,,1546,50,4,,0,55,,1547,50,4,,0,10,,1548,50,4,,0,30,,1549,50,4,,0,75,,1550,50,4,,0,85,,1551,50,4,,0,40,,1552,50,4,,0,80,,1553,50,4,,0,80,,1555,50,4,,0,40,,1556,50,4,,0,70,,1557,50,4,,0
100004001,'Samedi-01',820,,992,50,4,,0,205,,993,50,4,,0,125,,994,50,4,,0,165,,995,50,4,,0,300,,996,50,4,,0,120,,997,50,4,,0,120,,998,50,4,,0,160,,999,50,4,,0
100004001,'Semaine-03',650,,1047,50,4,,0,55,,1056,50,4,,0,30,,1066,50,4,,0,20,,1070,50,4,,0,65,,1071,50,4,,0,10,,1072,50,4,,0,25,,1073,50,4,,0,65,,1037,50,4,,0,20,,1038,50,4,,0,75,,1039,50,4,,0,20,,1040,50,4,,0,20,,1041,50,4,,0,80,,1042,50,4,,0,80,,1043,50,4,,0,85,,1044,50,4,,0,40,,1045,50,4,,0,80,,1046,50,4,,0,80,,1048,50,4,,0,45,,1049,50,4,,0,55,,1050,50,4,,0,20,,1051,50,4,,0,30,,1052,50,4,,0,60,,1053,50,4,,0,20,,1054,50,4,,0,25,,1055,50,4,,0,75,,1057,50,4,,0,15,,1058,50,4,,0,55,,1059,50,4,,0,10,,1060,50,4,,0,30,,1061,50,4,,0,75,,1062,50,4,,0,85,,1063,50,4,,0,40,,1064,50,4,,0,80,,1065,50,4,,0,80,,1067,50,4,,0,40,,1068,50,4,,0,70,,1069,50,4,,0
