300,'Fête-2-01',1613,,1103,10,0,27 2 28 8,0,19,,1103,250,4,,0,16,,1104,10,0,27 2 28 8,0,60,,1104,250,4,,0,15,,1105,10,0,27 2 28 8,0,20,,1106,10,0,27 2 28 8,0,59,,1106,250,4,,0,1,,1107,10,0,27 2 28 8,0,19,,1107,250,4,,0,2,,1108,10,0,27 2 28 8,0,19,,1108,250,4,,0,2,,1109,10,0,27 2 28 8,0,60,,1109,250,4,,0,1,,1110,10,0,27 2 28 8,0
300,'Semaine-03',1613,,67,10,0,27 2 28 8,0,19,,67,250,4,,0,16,,68,10,0,27 2 28 8,0,60,,68,250,4,,0,15,,69,10,0,27 2 28 8,0,20,,70,10,0,27 2 28 8,0,59,,70,250,4,,0,1,,71,10,0,27 2 28 8,0,19,,71,250,4,,0,2,,72,10,0,27 2 28 8,0,19,,72,250,4,,0,2,,73,10,0,27 2 28 8,0,60,,73,250,4,,0,1,,74,10,0,27 2 28 8,0
301,'Fête-2-01',545,,1117,160,4,,0,3,,1111,10,0,27 2 28 7,0,57,,1111,250,4,,0,2,,1112,10,0,27 2 28 7,0,18,,1112,250,4,,0,2,,1113,10,0,27 2 28 7,0,18,,1113,250,4,,0,5,,1114,10,0,27 2 28 7,0,59,,1114,250,4,,0,16,,1115,10,0,27 2 28 7,0,20,,1115,250,4,,0,5,,1116,10,0,27 2 28 7,0,60,,1116,250,4,,0,7,,1118,10,0,27 2 28 7,0
301,'Semaine-03',545,,89,160,4,,0,3,,83,10,0,27 2 28 7,0,57,,83,250,4,,0,2,,84,10,0,27 2 28 7,0,18,,84,250,4,,0,2,,85,10,0,27 2 28 7,0,18,,85,250,4,,0,5,,86,10,0,27 2 28 7,0,59,,86,250,4,,0,16,,87,10,0,27 2 28 7,0,20,,87,250,4,,0,5,,88,10,0,27 2 28 7,0,60,,88,250,4,,0,7,,90,10,0,27 2 28 7,0
500,'Fête-2-01',543,,1151,260,4,,0,73,,1137,270,4,,0,27,,1143,270,4,,0,10,,1144,270,4,,0,70,,1145,270,4,,0,20,,1146,270,4,,0,63,,1147,270,4,,0,21,,1148,270,4,,0,814,,1149,270,4,,0,17,,1150,270,4,,0,66,,1138,270,4,,0,26,,1152,210,4,,0,63,,1139,270,4,,0,12,,1140,270,4,,0,23,,1153,210,4,,0,60,,1141,270,4,,0,25,,1142,270,4,,0
500,'Semaine-03',543,,158,260,4,,0,73,,144,270,4,,0,27,,150,270,4,,0,10,,151,270,4,,0,70,,152,270,4,,0,20,,153,270,4,,0,63,,154,270,4,,0,21,,155,270,4,,0,814,,156,270,4,,0,17,,157,270,4,,0,66,,145,270,4,,0,26,,159,210,4,,0,63,,146,270,4,,0,12,,147,270,4,,0,23,,160,210,4,,0,60,,148,270,4,,0,25,,149,270,4,,0
501,'Fête-2-01',603,,1154,10,,,0,15,,1162,10,,,0,29,,1163,10,,,0,60,,1164,10,,,0,16,,1165,10,,,0,25,,1166,10,,,0,71,,1167,10,,,0,794,,1168,10,,,0,35,,1169,10,,,0,58,,1155,10,,,0,19,,1156,10,,,0,26,,1157,10,,,0,62,,1158,10,,,0,13,,1159,10,,,0,22,,1160,10,,,0,60,,1161,10,,,0
501,'Semaine-03',603,,178,10,,,0,15,,186,10,,,0,29,,187,10,,,0,60,,188,10,,,0,16,,189,10,,,0,25,,190,10,,,0,71,,191,10,,,0,794,,192,10,,,0,35,,193,10,,,0,58,,179,10,,,0,19,,180,10,,,0,26,,181,10,,,0,62,,182,10,,,0,13,,183,10,,,0,22,,184,10,,,0,60,,185,10,,,0
800,'Fête-2-01',543,,1218,150,4,,0,2,,1212,10,0,25 2 26 7,0,59,,1213,10,0,25 2 26 7,0,19,,1213,180,4,,0,1,,1214,10,0,25 2 26 7,0,19,,1214,180,4,,0,5,,1215,10,0,25 2 26 7,0,59,,1215,180,4,,0,17,,1216,10,0,25 2 26 7,0,19,,1216,180,4,,0,6,,1217,10,0,25 2 26 7,0,59,,1217,180,4,,0
800,'Semaine-03',543,,326,150,4,,0,2,,320,10,0,25 2 26 7,0,59,,321,10,0,25 2 26 7,0,19,,321,180,4,,0,1,,322,10,0,25 2 26 7,0,19,,322,180,4,,0,5,,323,10,0,25 2 26 7,0,59,,323,180,4,,0,17,,324,10,0,25 2 26 7,0,19,,324,180,4,,0,6,,325,10,0,25 2 26 7,0,59,,325,180,4,,0
801,'Fête-2-01',1613,,1219,10,0,25 2 26 8,0,20,,1219,180,4,,0,15,,1220,10,0,25 2 26 8,0,60,,1220,180,4,,0,15,,1221,10,0,25 2 26 8,0,20,,1222,10,0,25 2 26 8,0,60,,1223,10,0,25 2 26 8,0,20,,1223,180,4,,0,1,,1224,10,0,25 2 26 8,0,20,,1224,180,4,,0,1,,1225,10,0,25 2 26 8,0,60,,1225,180,4,,0
801,'Semaine-03',1613,,334,10,0,25 2 26 8,0,20,,334,180,4,,0,15,,335,10,0,25 2 26 8,0,60,,335,180,4,,0,15,,336,10,0,25 2 26 8,0,20,,337,10,0,25 2 26 8,0,60,,338,10,0,25 2 26 8,0,20,,338,180,4,,0,1,,339,10,0,25 2 26 8,0,20,,339,180,4,,0,1,,340,10,0,25 2 26 8,0,60,,340,180,4,,0
1500,'Fête-2-01',820,,1251,10,,,0,118,,1252,10,,,0,162,,1253,10,,,0,124,,1249,10,,,0,122,,1254,10,,,0,163,,1250,10,,,0,397,,1255,10,,,0,122,,1256,10,,,0,120,,1257,10,,,0,163,,1258,10,,,0
1500,'Semaine-03',820,,408,10,,,0,118,,409,10,,,0,162,,410,10,,,0,124,,406,10,,,0,122,,412,10,,,0,163,,407,10,,,0,397,,413,10,,,0,122,,414,10,,,0,120,,415,10,,,0,163,,416,10,,,0
1501,'Fête-2-01',936,,1259,490,4,,0,120,,1260,490,4,,0,163,,1261,490,4,,0,124,,1262,490,4,,0,163,,1263,490,4,,0,102,,1268,230,4,,0,413,,1264,490,4,,0,124,,1265,490,4,,0,163,,1266,490,4,,0
1501,'Semaine-03',936,,427,490,4,,0,120,,428,490,4,,0,163,,429,490,4,,0,124,,430,490,4,,0,163,,431,490,4,,0,102,,436,230,4,,0,413,,432,490,4,,0,124,,433,490,4,,0,163,,434,490,4,,0
3500,'Fête-2-01',546,,1301,10,,,0,109,,1310,10,,,0,70,,1324,10,,,0,90,,1311,10,,,0,35,,1312,10,,,0,90,,1313,10,,,0,80,,1302,10,,,0,80,,1303,10,,,0,45,,1304,10,,,0,80,,1305,10,,,0,80,,1306,10,,,0,45,,1307,10,,,0,75,,1315,10,,,0,83,,1318,10,,,0,37,,1319,10,,,0,80,,1320,10,,,0,80,,1321,10,,,0,40,,1322,10,,,0,85,,1323,10,,,0,75,,1316,10,,,0,45,,1317,10,,,0,80,,1308,10,,,0,125,,1309,10,,,0,165,,1314,10,0,16,0
3500,'Semaine-03',546,,530,10,,,0,74,,537,10,,,0,35,,540,10,,,0,70,,558,10,,,0,20,,541,10,,,0,70,,542,10,,,0,35,,543,10,,,0,65,,544,10,,,0,25,,545,10,,,0,80,,531,10,,,0,80,,532,10,,,0,45,,533,10,,,0,80,,534,10,,,0,80,,535,10,,,0,45,,536,10,,,0,75,,547,10,,,0,83,,550,10,,,0,37,,551,10,,,0,80,,552,10,,,0,20,,553,10,,,0,60,,554,10,,,0,40,,555,10,,,0,60,,556,10,,,0,25,,557,10,,,0,75,,548,10,,,0,45,,549,10,,,0,80,,538,10,,,0,125,,539,10,,,0,165,,546,10,0,16,0
3501,'Fête-2-01',643,,1346,320,4,,0,14,,1325,340,4,,0,158,,1348,340,4,,0,33,,1345,280,4,,0,85,,1347,340,4,,0,73,,1338,340,4,,0,50,,1339,340,4,,0,80,,1340,340,4,,0,80,,1341,340,4,,0,85,,1342,340,4,,0,40,,1343,340,4,,0,80,,1344,340,4,,0,85,,1326,340,4,,0,30,,1327,340,4,,0,81,,1328,340,4,,0,85,,1329,330,4,,0,40,,1330,330,4,,0,78,,1331,330,4,,0,38,,1332,330,4,,0,87,,1333,340,4,,0,74,,1334,340,4,,0,40,,1335,340,4,,0,84,,1336,340,4,,0,164,,1337,340,4,,0
3501,'Semaine-03',643,,614,320,4,,0,14,,588,340,4,,0,80,,612,340,4,,0,78,,616,340,4,,0,33,,613,280,4,,0,58,,599,340,4,,0,27,,615,340,4,,0,73,,605,340,4,,0,50,,606,340,4,,0,80,,607,340,4,,0,80,,608,340,4,,0,85,,609,340,4,,0,40,,610,340,4,,0,80,,611,340,4,,0,85,,589,340,4,,0,30,,590,340,4,,0,81,,591,340,4,,0,25,,592,330,4,,0,60,,593,330,4,,0,40,,594,330,4,,0,60,,595,330,4,,0,18,,596,330,4,,0,38,,597,330,4,,0,60,,598,330,4,,0,27,,600,340,4,,0,74,,601,340,4,,0,40,,602,340,4,,0,84,,603,340,4,,0,164,,604,340,4,,0
9100,'Semaine-03',655,,802,20,,,0,155,,799,10,,,0,107,,801,50,,,0
9101,'Semaine-03',1640,,807,40,,,0,7,,806,60,4,,0,254,,808,70,,,0
