700,'Semaine-01',829,,236,170,4,,0,201,,238,170,4,,0,28,,223,170,4,,0,82,,239,170,4,,0,80,,224,170,4,,0,84,,240,170,4,,0,41,,225,170,4,,0,85,,241,170,4,,0,77,,226,170,4,,0,124,,230,170,4,,0,391,,227,170,4,,0
700,'Semaine-03',829,,257,170,4,,0,201,,259,170,4,,0,28,,244,170,4,,0,82,,260,170,4,,0,80,,245,170,4,,0,84,,261,170,4,,0,41,,246,170,4,,0,85,,262,170,4,,0,77,,247,170,4,,0,124,,251,170,4,,0,391,,248,170,4,,0
701,'Semaine-01',1058,,265,10,,,0,84,,283,10,,,0,78,,266,10,,,0,84,,284,10,,,0,41,,267,10,,,0,85,,285,10,,,0,77,,268,10,,,0,126,,275,10,,,0,112,,271,10,,,0,84,,278,10,,,0,71,,269,10,,,0,125,,270,10,,,0
701,'Semaine-03',1058,,289,10,,,0,84,,307,10,,,0,78,,290,10,,,0,84,,308,10,,,0,41,,291,10,,,0,85,,309,10,,,0,77,,292,10,,,0,126,,299,10,,,0,112,,295,10,,,0,84,,302,10,,,0,71,,293,10,,,0,125,,294,10,,,0
1000,'Semaine-01',704,,370,80,4,,0,226,,369,80,4,,0,613,,371,80,4,,0,110,,375,80,4,,0,90,,374,80,4,,0,82,,373,80,4,,0,32,,372,80,4,,0
1000,'Semaine-03',704,,377,80,4,,0,226,,376,80,4,,0,613,,378,80,4,,0,110,,382,80,4,,0,90,,381,80,4,,0,82,,380,80,4,,0,32,,379,80,4,,0
1001,'Semaine-01',710,,383,10,,,0,125,,388,10,,,0,100,,384,10,,,0,100,,387,10,,,0,511,,385,10,,,0,154,,386,10,,,0
1001,'Semaine-03',710,,389,10,,,0,125,,394,10,,,0,100,,390,10,,,0,100,,393,10,,,0,511,,391,10,,,0,154,,392,10,,,0
9100,'Semaine-01',740,,796,60,,,0,3,,798,60,,,0,109,,797,40,,,0,48,,795,60,4,,0
9100,'Semaine-03',740,,800,60,,,0,3,,802,60,,,0,109,,801,40,,,0,48,,799,60,4,,0
