3500,'Semaine-01',619,,501,350,4,,0,35,,508,350,4,,0,76,,511,350,4,,0,71,,529,350,4,,0,20,,512,350,4,,0,30,,513,350,4,,0,73,,514,350,4,,0,25,,515,350,4,,0,65,,516,350,4,,0,39,,502,350,4,,0,80,,503,350,4,,0,85,,504,350,4,,0,40,,505,350,4,,0,80,,506,350,4,,0,85,,507,350,4,,0,31,,518,290,4,,0,83,,521,290,4,,0,78,,522,290,4,,0,40,,523,290,4,,0,60,,524,290,4,,0,20,,525,290,4,,0,80,,526,290,4,,0,20,,527,290,4,,0,65,,528,290,4,,0,34,,519,290,4,,0,85,,520,290,4,,0,83,,509,350,4,,0,124,,510,350,4,,0
3500,'Semaine-03',619,,530,350,4,,0,35,,537,350,4,,0,76,,540,350,4,,0,71,,558,350,4,,0,20,,541,350,4,,0,30,,542,350,4,,0,73,,543,350,4,,0,25,,544,350,4,,0,65,,545,350,4,,0,39,,531,350,4,,0,80,,532,350,4,,0,85,,533,350,4,,0,40,,534,350,4,,0,80,,535,350,4,,0,85,,536,350,4,,0,31,,547,290,4,,0,83,,550,290,4,,0,78,,551,290,4,,0,40,,552,290,4,,0,60,,553,290,4,,0,20,,554,290,4,,0,80,,555,290,4,,0,20,,556,290,4,,0,65,,557,290,4,,0,34,,548,290,4,,0,85,,549,290,4,,0,83,,538,350,4,,0,124,,539,350,4,,0
4400,'Semaine-01',729,,677,80,4,,0,96,,678,80,4,,0,786,,679,40,4,,0,46,,680,80,4,,0,91,,681,80,4,,0
4400,'Semaine-03',729,,682,80,4,,0,96,,683,80,4,,0,786,,684,40,4,,0,46,,685,80,4,,0,91,,686,80,4,,0
4500,'Semaine-01',908,,697,280,4,,0,41,,698,280,4,,0
4500,'Semaine-03',908,,699,280,4,,0,41,,700,280,4,,0
4501,'Semaine-01',1515,,701,280,4,,0,33,,702,280,4,,0
4501,'Semaine-03',1515,,703,280,4,,0,33,,704,280,4,,0
33500,'Dimanche-01',851,,862,350,4,,0,160,,863,350,4,,0,140,,857,350,4,,0,160,,858,350,4,,0,189,,855,360,4,,0,111,,859,350,4,,0,120,,860,350,4,,0,169,,856,360,4,,0,116,,861,350,4,,0,124,,864,360,4,,0
33500,'Samedi-01',851,,868,350,4,,0,160,,869,350,4,,0,140,,870,350,4,,0,160,,871,350,4,,0,189,,865,360,4,,0,111,,872,350,4,,0,120,,873,350,4,,0,169,,866,360,4,,0,116,,874,350,4,,0,124,,867,360,4,,0,113,,875,350,4,,0
