100,'Semaine-01',538,,5,50,0,31 2 32 7,0,74,,6,50,0,31 2 32 7,0,26,,1,50,0,31 2 32 7,0,74,,2,50,0,31 2 32 7,0,26,,3,50,0,31 2 32 7,0,74,,4,50,0,31 2 32 7,0
100,'Semaine-03',538,,12,50,0,31 2 32 7,0,74,,13,50,0,31 2 32 7,0,26,,8,50,0,31 2 32 7,0,74,,9,50,0,31 2 32 7,0,26,,10,50,0,31 2 32 7,0,74,,11,50,0,31 2 32 7,0
101,'Semaine-01',1552,,15,50,0,31 2 32 8,0,73,,16,50,0,31 2 32 8,0,75,,17,50,0,31 2 32 8,0,36,,18,50,0,31 2 32 8,0,67,,19,50,0,31 2 32 8,0,31,,20,50,0,31 2 32 8,0,83,,21,50,0,31 2 32 8,0
101,'Semaine-03',1552,,22,50,0,31 2 32 8,0,73,,23,50,0,31 2 32 8,0,75,,24,50,0,31 2 32 8,0,36,,25,50,0,31 2 32 8,0,67,,26,50,0,31 2 32 8,0,31,,27,50,0,31 2 32 8,0,83,,28,50,0,31 2 32 8,0
200,'Semaine-01',538,,32,50,0,33 2 34 35 7,0,73,,29,50,0,33 2 34 35 7,0,28,,33,50,0,33 2 34 35 7,0,72,,30,50,0,33 2 34 35 7,0,29,,34,50,0,33 2 34 35 7,0,69,,31,50,0,33 2 34 35 7,0
200,'Semaine-03',538,,39,50,0,33 2 34 35 7,0,73,,36,50,0,33 2 34 35 7,0,28,,40,50,0,33 2 34 35 7,0,72,,37,50,0,33 2 34 35 7,0,29,,41,50,0,33 2 34 35 7,0,69,,38,50,0,33 2 34 35 7,0
700,'Semaine-01',609,,234,60,0,38,0,100,,235,60,0,38,0,20,,232,60,0,38,0,16,,231,60,0,38,0,6,,236,60,,,0,64,,243,60,0,38,0,28,,228,60,0,38,0,64,,237,60,0,38,0,21,,229,60,0,38,0,25,,238,60,,,0,68,,223,60,,,0,82,,239,60,,,0,40,,224,60,,,0,84,,240,60,,,0,81,,225,60,,,0,45,,241,60,,,0,77,,226,60,,,0,103,,242,60,0,38,0,20,,230,60,,,0,150,,233,60,0,38,0,245,,227,60,,,0
700,'Semaine-03',609,,255,60,0,38,0,100,,256,60,0,38,0,20,,253,60,0,38,0,16,,252,60,0,38,0,6,,257,60,,,0,64,,264,60,0,38,0,28,,249,60,0,38,0,64,,258,60,0,38,0,21,,250,60,0,38,0,25,,259,60,,,0,68,,244,60,,,0,82,,260,60,,,0,40,,245,60,,,0,84,,261,60,,,0,81,,246,60,,,0,45,,262,60,,,0,77,,247,60,,,0,103,,263,60,0,38,0,20,,251,60,,,0,150,,254,60,0,38,0,245,,248,60,,,0
1000,'Semaine-01',643,,370,60,,,0,266,,369,60,,,0,610,,371,60,,,0,109,,375,60,,,0,90,,374,60,,,0,85,,373,60,,,0,32,,372,60,,,0
1000,'Semaine-03',643,,377,60,,,0,266,,376,60,,,0,610,,378,60,,,0,109,,382,60,,,0,90,,381,60,,,0,85,,380,60,,,0,32,,379,60,,,0
1501,'Semaine-01',906,,417,70,,,0,120,,418,70,,,0,121,,419,70,,,0,164,,420,70,,,0,123,,421,70,,,0,118,,426,50,,,0,399,,422,70,,,0,165,,423,70,,,0,123,,424,70,,,0,115,,425,70,,,0
1501,'Semaine-03',906,,427,70,,,0,120,,428,70,,,0,121,,429,70,,,0,164,,430,70,,,0,123,,431,70,,,0,118,,436,50,,,0,399,,432,70,,,0,165,,433,70,,,0,123,,434,70,,,0,115,,435,70,,,0
11501,'Dimanche-01',758,,841,50,,,0,148,,839,70,,,0,137,,832,70,,,0,158,,833,70,,,0,125,,834,70,,,0,120,,835,70,,,0,180,,836,70,,,0,120,,837,70,,,0,160,,838,70,,,0,122,,840,70,,,0,120,,842,70,,,0
11501,'Samedi-01',658,,852,50,,,0,100,,853,50,,,0,148,,843,70,,,0,137,,844,70,,,0,158,,845,70,,,0,125,,846,70,,,0,120,,847,70,,,0,180,,848,70,,,0,120,,849,70,,,0,160,,850,70,,,0,122,,851,70,,,0,120,,854,70,,,0
100004000,'Dimanche-01',901,,898,20,,,0,130,,899,20,,,0,415,,900,20,,,0,175,,901,20,,,0,120,,902,20,,,0,160,,903,20,,,0
100004000,'Samedi-01',701,,904,20,,,0,200,,905,20,,,0,130,,906,20,,,0,170,,907,20,,,0,245,,908,20,,,0,175,,909,20,,,0,120,,910,20,,,0,160,,911,20,,,0
100004000,'Semaine-01',541,,921,20,,,0,65,,931,20,,,0,20,,941,20,,,0,15,,945,20,,,0,60,,946,20,,,0,10,,947,20,,,0,30,,948,20,,,0,15,,912,20,,,0,70,,913,20,,,0,15,,914,20,,,0,65,,915,20,,,0,20,,916,20,,,0,20,,917,20,,,0,75,,918,20,,,0,85,,919,20,,,0,35,,920,20,,,0,85,,922,20,,,0,80,,923,20,,,0,40,,924,20,,,0,85,,925,20,,,0,70,,926,20,,,0,30,,927,20,,,0,20,,928,20,,,0,55,,929,20,,,0,25,,930,20,,,0,75,,932,20,,,0,20,,933,20,,,0,15,,934,20,,,0,15,,935,20,,,0,75,,936,20,,,0,70,,937,20,,,0,45,,938,20,,,0,80,,939,20,,,0,80,,940,20,,,0,40,,942,20,,,0,80,,943,20,,,0,80,,944,20,,,0
100004000,'Semaine-03',541,,958,20,,,0,65,,968,20,,,0,20,,978,20,,,0,15,,982,20,,,0,60,,983,20,,,0,10,,984,20,,,0,30,,985,20,,,0,15,,949,20,,,0,70,,950,20,,,0,15,,951,20,,,0,65,,952,20,,,0,20,,953,20,,,0,20,,954,20,,,0,75,,955,20,,,0,85,,956,20,,,0,35,,957,20,,,0,85,,959,20,,,0,80,,960,20,,,0,40,,961,20,,,0,85,,962,20,,,0,70,,963,20,,,0,30,,964,20,,,0,20,,965,20,,,0,55,,966,20,,,0,25,,967,20,,,0,75,,969,20,,,0,20,,970,20,,,0,15,,971,20,,,0,15,,972,20,,,0,75,,973,20,,,0,70,,974,20,,,0,45,,975,20,,,0,80,,976,20,,,0,80,,977,20,,,0,40,,979,20,,,0,80,,980,20,,,0,80,,981,20,,,0
