3501,'Semaine-01',618,,585,10,,,0,14,,559,30,,,0,77,,583,30,,,0,39,,587,30,,,0,75,,584,30,,,0,15,,570,30,,,0,67,,586,30,,,0,33,,576,30,,,0,90,,577,30,,,0,80,,578,30,,,0,40,,579,30,,,0,85,,580,30,,,0,80,,581,30,,,0,40,,582,30,,,0,85,,560,30,,,0,70,,561,30,,,0,40,,562,30,,,0,62,,563,20,,,0,20,,564,20,,,0,80,,565,20,,,0,20,,566,20,,,0,20,,567,20,,,0,80,,568,20,,,0,20,,569,20,,,0,68,,571,30,,,0,35,,572,30,,,0,80,,573,30,,,0,84,,574,30,,,0,125,,575,30,,,0
3501,'Semaine-03',618,,614,10,,,0,14,,588,30,,,0,77,,612,30,,,0,39,,616,30,,,0,75,,613,30,,,0,15,,599,30,,,0,67,,615,30,,,0,33,,605,30,,,0,90,,606,30,,,0,80,,607,30,,,0,40,,608,30,,,0,85,,609,30,,,0,80,,610,30,,,0,40,,611,30,,,0,85,,589,30,,,0,70,,590,30,,,0,40,,591,30,,,0,62,,592,20,,,0,20,,593,20,,,0,80,,594,20,,,0,20,,595,20,,,0,20,,596,20,,,0,80,,597,20,,,0,20,,598,20,,,0,68,,600,30,,,0,35,,601,30,,,0,80,,602,30,,,0,84,,603,30,,,0,125,,604,30,,,0
4300,'Semaine-01',1610,,657,30,0,12 2 13 8,0,35,,658,30,0,12 2 13 8,0,76,,661,30,0,12 2 13 8,0,100,,659,30,0,12 2 13 8,0,83,,660,30,0,12 2 13 8,0
4300,'Semaine-03',1610,,662,30,0,12 2 13 8,0,35,,663,30,0,12 2 13 8,0,76,,666,30,0,12 2 13 8,0,100,,664,30,0,12 2 13 8,0,83,,665,30,0,12 2 13 8,0
4301,'Semaine-01',558,,668,30,0,12 2 13 7,0,72,,667,30,0,12 2 13 7,0,74,,669,30,0,12 2 13 7,0,38,,670,30,0,12 2 13 7,0
4301,'Semaine-03',558,,673,30,0,12 2 13 7,0,72,,672,30,0,12 2 13 7,0,74,,674,30,0,12 2 13 7,0,38,,675,30,0,12 2 13 7,0
4501,'Semaine-01',1448,,701,30,,,0,70,,702,30,,,0
4501,'Semaine-03',1448,,703,30,,,0,70,,704,30,,,0
33501,'Dimanche-01',907,,881,30,,,0,120,,877,30,,,0,180,,882,30,,,0,120,,883,30,,,0,180,,885,30,,,0,120,,878,30,,,0,120,,879,30,,,0,165,,880,30,,,0,120,,884,30,,,0
33501,'Samedi-01',730,,893,10,,,0,177,,887,30,,,0,120,,886,30,,,0,180,,888,30,,,0,120,,889,30,,,0,180,,897,30,,,0,120,,890,30,,,0,120,,891,30,,,0,165,,892,30,,,0,120,,894,30,,,0,120,,895,30,,,0,150,,896,30,0,17 18 19,0
