3100,'Semaine-03',542,,466,280,4,,0,4,,463,10,0,6 7,0,70,,463,310,4,,0,4,,462,10,0,6 7,0,30,,462,310,4,,0,4,,464,10,0,6 7,0,70,,464,310,4,,0,11,,465,10,0,6 7,0,72,,465,320,4,,0
3101,'Semaine-03',1610,,474,10,0,6 8,0,29,,474,300,4,,0,6,,475,10,0,6 8,0,69,,475,300,4,,0,7,,478,10,0,6 8,0,19,,478,200,4,,0,4,,473,10,0,6 8,0,72,,473,310,4,,0,6,,476,10,0,6 8,0,32,,476,310,4,,0,49,,477,10,0,6 8,0
3300,'Semaine-03',546,,488,290,4,,0,10,,485,10,0,22 7,0,68,,485,320,4,,0,4,,484,10,0,22 7,0,28,,484,320,4,,0,46,,486,10,0,22 7,0,28,,486,320,4,,0,12,,487,10,0,22 7,0,68,,487,320,4,,0
3301,'Semaine-03',1610,,496,10,0,22 8,0,29,,496,320,4,,0,6,,497,10,0,22 8,0,69,,497,320,4,,0,7,,500,10,0,22 8,0,19,,500,160,4,,0,4,,495,10,0,22 8,0,68,,495,320,4,,0,9,,498,10,0,22 8,0,28,,498,320,4,,0,54,,499,10,0,22 8,0
4400,'Semaine-03',715,,682,10,,,0,96,,683,10,,,0,832,,685,10,,,0,91,,686,10,,,0
4401,'Semaine-03',753,,692,70,4,,0,890,,694,70,4,,0,86,,695,70,4,,0,91,,696,70,4,,0
9101,'Semaine-03',1638,,806,50,,,0,216,,808,60,,,0
33500,'Dimanche-01',1427,,855,20,,,0,400,,856,20,,,0,279,,864,20,0,16,0
33500,'Samedi-01',1427,,865,20,,,0,400,,866,20,,,0,279,,867,20,,,0,221,,876,10,0,16,0
33501,'Dimanche-01',1055,,877,340,,,0,475,,885,280,,,0
33501,'Samedi-01',758,,893,320,,,0,297,,886,340,,,0,475,,897,280,,,0,795,,896,340,4,,0
