601,'Fête-2-01',1609,,1178,350,0,36 2 37 8,0,33,,1179,350,0,36 2 37 8,0,75,,1180,350,0,36 2 37 8,0,36,,1181,350,0,36 2 37 8,0,64,,1182,350,0,36 2 37 8,0,33,,1183,350,0,36 2 37 8,0,84,,1184,350,0,36 2 37 8,0
601,'Semaine-03',1609,,216,350,0,36 2 37 8,0,33,,217,350,0,36 2 37 8,0,75,,218,350,0,36 2 37 8,0,36,,219,350,0,36 2 37 8,0,64,,220,350,0,36 2 37 8,0,33,,221,350,0,36 2 37 8,0,84,,222,350,0,36 2 37 8,0
900,'Fête-2-01',533,,1239,160,0,29 30,0,68,,1226,320,0,41,0,34,,1230,320,0,41,0,67,,1231,320,0,41,0,31,,1232,320,0,41,0,69,,1233,320,0,41,0,31,,1234,320,0,41,0,779,,1235,320,0,41,0,35,,1236,320,0,41,0,75,,1237,320,0,41,0,30,,1238,210,0,41,0,69,,1227,320,0,41,0,33,,1228,320,0,41,0,83,,1229,320,0,41,0
900,'Semaine-03',533,,368,160,0,29 30,0,68,,355,320,0,41,0,34,,359,320,0,41,0,67,,360,320,0,41,0,31,,361,320,0,41,0,69,,362,320,0,41,0,31,,363,320,0,41,0,779,,364,320,0,41,0,35,,365,320,0,41,0,75,,366,320,0,41,0,30,,367,210,0,41,0,69,,356,320,0,41,0,33,,357,320,0,41,0,83,,358,320,0,41,0
1501,'Fête-2-01',903,,1259,30,,,0,120,,1260,30,,,0,120,,1261,30,,,0,164,,1262,30,,,0,123,,1263,30,,,0,518,,1264,30,,,0,165,,1265,30,,,0,123,,1266,30,,,0,115,,1267,30,,,0
1501,'Semaine-03',903,,427,30,,,0,120,,428,30,,,0,120,,429,30,,,0,164,,430,30,,,0,123,,431,30,,,0,518,,432,30,,,0,165,,433,30,,,0,123,,434,30,,,0,115,,435,30,,,0
2100,'Fête-2-01',632,,1278,260,0,29 30,0,103,,1269,350,0,29 30,0,98,,1270,350,0,29 30,0,84,,1271,350,0,29 30,0,90,,1272,350,0,29 30,0,623,,1273,350,0,5,0,90,,1274,350,0,5,0,96,,1275,350,0,5,0,97,,1276,350,0,5,0
2100,'Semaine-03',632,,456,260,0,29 30,0,103,,447,350,0,29 30,0,98,,448,350,0,29 30,0,84,,449,350,0,29 30,0,90,,450,350,0,29 30,0,623,,451,350,0,5,0,90,,452,350,0,5,0,96,,453,350,0,5,0,97,,454,350,0,5,0
5100,'Fête-2-01',559,,1404,450,0,24 7,0,75,,1405,450,0,24 7,0,24,,1399,480,0,24 7,0,76,,1400,480,0,24 7,0,25,,1401,480,0,24 7,0,75,,1402,480,0,24 7,0,19,,1403,480,0,24 7,0
5100,'Semaine-03',559,,757,450,0,24 7,0,75,,758,450,0,24 7,0,24,,752,480,0,24 7,0,76,,753,480,0,24 7,0,25,,754,480,0,24 7,0,75,,755,480,0,24 7,0,19,,756,480,0,24 7,0
5101,'Fête-2-01',1636,,1406,480,0,24 8,0,73,,1407,480,0,24 8,0,35,,1408,480,0,24 8,0,75,,1409,480,0,24 8,0,40,,1410,480,0,24 8,0,57,,1411,480,0,24 8,0
5101,'Semaine-03',1636,,767,480,0,24 8,0,73,,768,480,0,24 8,0,35,,769,480,0,24 8,0,75,,770,480,0,24 8,0,40,,771,480,0,24 8,0,57,,772,480,0,24 8,0
6100,'Fête-2-01',616,,1418,260,0,23 7,0,120,,1417,310,0,23 7,0,110,,1414,390,0,23 7,0,155,,1415,390,0,23 7,0,120,,1416,390,0,23 7,0
6100,'Semaine-03',616,,784,260,0,23 7,0,120,,783,310,0,23 7,0,110,,780,390,0,23 7,0,155,,781,390,0,23 7,0,120,,782,390,0,23 7,0
6101,'Fête-2-01',1544,,1422,300,0,23 8,0,106,,1419,390,0,23 8,0,108,,1420,390,0,23 8,0,174,,1421,390,0,23 8,0
6101,'Semaine-03',1544,,793,300,0,23 8,0,106,,790,390,0,23 8,0,108,,791,390,0,23 8,0,174,,792,390,0,23 8,0
11501,'Dimanche-01',903,,839,30,,,0,137,,832,30,,,0,118,,833,30,,,0,165,,834,30,,,0,120,,835,30,,,0,180,,836,30,,,0,120,,837,30,,,0,160,,838,30,,,0,122,,840,30,,,0,120,,842,30,,,0
11501,'Fête-1-01',903,,1436,30,,,0,137,,1437,30,,,0,118,,1438,30,,,0,165,,1439,30,,,0,120,,1440,30,,,0,180,,1441,30,,,0,120,,1442,30,,,0,160,,1443,30,,,0,122,,1444,30,,,0,120,,1447,30,,,0
11501,'Samedi-01',903,,843,30,,,0,137,,844,30,,,0,118,,845,30,,,0,165,,846,30,,,0,120,,847,30,,,0,180,,848,30,,,0,120,,849,30,,,0,160,,850,30,,,0,122,,851,30,,,0,120,,854,30,,,0
