19000,'Fête-1-03',657,,1098,30,0,40,0,90,,1117,30,0,40,0,90,,1114,30,0,40,0,90,,1116,30,0,40,0,90,,1115,30,0,40,0,90,,1100,30,0,40,0,50,,1105,30,0,40,0,90,,1104,30,0,40,0,90,,1108,30,0,40,0,90,,1103,30,0,40,0,90,,1102,30,0,40,0,90,,1107,30,0,40,0,50,,1101,30,0,40,0,90,,1111,30,0,40,0,90,,1109,30,0,40,0,90,,1113,30,0,40,0,90,,1112,30,0,40,0,90,,1099,30,0,40,0,50,,1110,30,0,40,0,90,,1106,30,0,40,0
19000,'Semaine-06',529,,1141,30,,,0,29,,1137,30,,,0,67,,1120,30,,,0,31,,1127,30,,,0,67,,1122,30,,,0,30,,1143,30,,,0,59,,1118,30,,,0,34,,1131,30,,,0,71,,1134,30,,,0,97,,1136,30,,,0,101,,1128,30,,,0,101,,1142,30,,,0,98,,1129,30,,,0,96,,1123,30,,,0,103,,1140,30,,,0,114,,1124,30,,,0,73,,1139,30,,,0,36,,1126,30,,,0,78,,1138,30,,,0,38,,1125,30,,,0,90,,1132,30,,,0,90,,1135,30,,,0,95,,1130,30,,,0,100,,1119,30,,,0,106,,1133,30,,,0,85,,1121,30,,,0
19000,'Week-end-02',657,,1144,30,0,40,0,90,,1163,30,0,40,0,90,,1160,30,0,40,0,90,,1162,30,0,40,0,90,,1161,30,0,40,0,90,,1146,30,0,40,0,50,,1151,30,0,40,0,90,,1150,30,0,40,0,90,,1154,30,0,40,0,90,,1149,30,0,40,0,90,,1148,30,0,40,0,90,,1153,30,0,40,0,50,,1147,30,0,40,0,90,,1157,30,0,40,0,90,,1155,30,0,40,0,90,,1159,30,0,40,0,90,,1158,30,0,40,0,90,,1145,30,0,40,0,50,,1156,30,0,40,0,90,,1152,30,0,40,0
19200,'Semaine-06',543,,1313,30,0,29 30 2 32,0,70,,1318,30,0,29 30 2 32,0,30,,1317,30,0,29 30 2 32,0,70,,1315,30,0,29 30 2 32,0,30,,1314,30,0,29 30 2 32,0,70,,1312,30,0,29 30 2 32,0
19201,'Semaine-06',1551,,1326,30,0,29 30 2 32,0,73,,1325,30,0,29 30 2 32,0,35,,1324,30,0,29 30 2 32,0,76,,1322,30,0,29 30 2 32,0,78,,1323,30,0,29 30 2 32,0,31,,1320,30,0,29 30 2 32,0,71,,1321,30,0,29 30 2 32,0,31,,1319,30,0,32,0
49000,'Semaine-06',532,,1478,30,,,0,75,,1477,30,,,0,30,,1466,30,,,0,65,,1467,30,,,0,30,,1476,30,,,0,70,,1474,30,,,0,27,,1475,30,,,0,73,,1480,30,,,0,35,,1482,30,,,0,110,,1481,30,,,0,100,,1488,30,,,0,99,,1487,30,,,0,97,,1484,30,,,0,93,,1483,30,,,0,77,,1470,30,,,0,21,,1472,30,,,0,79,,1473,30,,,0,32,,1468,30,,,0,71,,1471,30,,,0,31,,1479,30,,,0,69,,1469,30,,,0,97,,1486,30,,,0,94,,1485,30,,,0
49100,'Fête-1-03',657,,1525,30,,,0,90,,1526,30,,,0,90,,1527,30,,,0,90,,1528,30,,,0,90,,1529,30,,,0,90,,1521,30,,,0,50,,1522,30,,,0,90,,1524,30,,,0,90,,1514,30,,,0,90,,1511,30,,,0,90,,1518,30,,,0,90,,1513,30,,,0,50,,1519,30,,,0,90,,1517,30,,,0,90,,1520,30,,,0,90,,1512,30,,,0,90,,1515,30,,,0,90,,1516,30,,,0,50,,1523,30,,,0
49100,'Semaine-06',547,,1549,30,,,0,80,,1530,30,,,0,20,,1550,30,,,0,68,,1531,30,,,0,32,,1551,30,,,0,65,,1532,30,,,0,31,,1552,30,,,0,74,,1542,30,,,0,91,,1543,30,,,0,109,,1544,30,,,0,100,,1553,30,,,0,100,,1546,30,,,0,92,,1541,30,,,0,98,,1533,30,,,0,22,,1545,30,,,0,75,,1534,30,,,0,24,,1554,30,,,0,73,,1535,30,,,0,35,,1555,30,,,0,21,,1536,30,,,0,96,,1556,30,,,0,90,,1547,30,,,0,90,,1538,30,,,0,95,,1539,30,,,0,100,,1540,30,,,0,94,,1537,30,,,0,95,,1548,30,,,0
49100,'Week-end-02',657,,1571,30,,,0,90,,1572,30,,,0,90,,1573,30,,,0,90,,1574,30,,,0,90,,1575,30,,,0,90,,1567,30,,,0,50,,1568,30,,,0,90,,1570,30,,,0,90,,1560,30,,,0,90,,1557,30,,,0,90,,1564,30,,,0,90,,1559,30,,,0,50,,1565,30,,,0,90,,1563,30,,,0,90,,1566,30,,,0,90,,1558,30,,,0,90,,1561,30,,,0,90,,1562,30,,,0,50,,1569,30,,,0
49300,'Semaine-06',625,,1647,40,,,0,22,,1659,40,,,0,67,,1660,40,,,0,33,,1661,40,,,0,65,,1662,40,,,0,32,,1663,40,,,0,72,,1664,40,,,0,32,,1649,40,,,0,59,,1651,40,,,0,110,,1648,40,,,0,100,,1654,40,,,0,98,,1645,40,,,0,94,,1644,40,,,0,27,,1642,40,,,0,72,,1646,40,,,0,22,,1652,40,,,0,73,,1657,40,,,0,24,,1650,40,,,0,73,,1653,40,,,0,35,,1655,40,,,0,21,,1643,40,,,0,97,,1656,40,,,0,90,,1658,40,,,0,90,,1665,40,,,0
