3500,'Semaine-01',614,,501,330,4,,0,35,,508,330,4,,0,76,,511,330,4,,0,31,,529,330,4,,0,60,,512,330,4,,0,30,,513,330,4,,0,73,,514,330,4,,0,25,,515,330,4,,0,65,,516,330,4,,0,39,,502,330,4,,0,80,,503,330,4,,0,85,,504,330,4,,0,40,,505,330,4,,0,80,,506,330,4,,0,85,,507,330,4,,0,31,,518,270,4,,0,83,,521,270,4,,0,78,,522,270,4,,0,40,,523,270,4,,0,60,,524,270,4,,0,20,,525,270,4,,0,80,,526,270,4,,0,20,,527,270,4,,0,25,,528,270,4,,0,74,,519,270,4,,0,85,,520,270,4,,0,43,,509,330,4,,0,164,,510,330,4,,0
3500,'Semaine-03',614,,530,330,4,,0,35,,537,330,4,,0,76,,540,330,4,,0,31,,558,330,4,,0,60,,541,330,4,,0,30,,542,330,4,,0,73,,543,330,4,,0,25,,544,330,4,,0,65,,545,330,4,,0,39,,531,330,4,,0,80,,532,330,4,,0,85,,533,330,4,,0,40,,534,330,4,,0,80,,535,330,4,,0,85,,536,330,4,,0,31,,547,270,4,,0,83,,550,270,4,,0,78,,551,270,4,,0,40,,552,270,4,,0,60,,553,270,4,,0,20,,554,270,4,,0,80,,555,270,4,,0,20,,556,270,4,,0,25,,557,270,4,,0,74,,548,270,4,,0,85,,549,270,4,,0,43,,538,330,4,,0,164,,539,330,4,,0
4400,'Semaine-01',726,,677,60,4,,0,96,,678,60,4,,0,786,,679,20,4,,0,46,,680,60,4,,0,91,,681,60,4,,0
4400,'Semaine-03',726,,682,60,4,,0,96,,683,60,4,,0,786,,684,20,4,,0,46,,685,60,4,,0,91,,686,60,4,,0
4500,'Semaine-01',905,,697,260,4,,0,40,,698,260,4,,0
4500,'Semaine-03',905,,699,260,4,,0,40,,700,260,4,,0
4501,'Semaine-01',1511,,701,260,4,,0,31,,702,260,4,,0
4501,'Semaine-03',1511,,703,260,4,,0,31,,704,260,4,,0
33500,'Dimanche-01',842,,862,330,4,,0,160,,863,330,4,,0,140,,857,330,4,,0,160,,858,330,4,,0,148,,855,340,4,,0,152,,859,330,4,,0,120,,860,330,4,,0,128,,856,340,4,,0,157,,861,330,4,,0,122,,864,340,4,,0
33500,'Samedi-01',842,,868,330,4,,0,160,,869,330,4,,0,140,,870,330,4,,0,160,,871,330,4,,0,148,,865,340,4,,0,152,,872,330,4,,0,120,,873,330,4,,0,128,,866,340,4,,0,157,,874,330,4,,0,122,,867,340,4,,0,115,,875,330,4,,0
