100,'Semaine-01',535,,7,230,0,31 2 32 7,0,66,,5,380,0,31 2 32 7,0,34,,6,380,0,31 2 32 7,0,66,,1,380,0,31 2 32 7,0,34,,2,380,0,31 2 32 7,0,66,,3,380,0,31 2 32 7,0,34,,4,380,0,31 2 32 7,0
100,'Semaine-03',535,,14,230,0,31 2 32 7,0,66,,12,380,0,31 2 32 7,0,34,,13,380,0,31 2 32 7,0,66,,8,380,0,31 2 32 7,0,34,,9,380,0,31 2 32 7,0,66,,10,380,0,31 2 32 7,0,34,,11,380,0,31 2 32 7,0
101,'Semaine-01',1614,,15,370,0,31 2 32 8,0,33,,16,370,0,31 2 32 8,0,75,,17,370,0,31 2 32 8,0,36,,18,370,0,31 2 32 8,0,67,,19,370,0,31 2 32 8,0,31,,20,370,0,31 2 32 8,0,83,,21,370,0,31 2 32 8,0
101,'Semaine-03',1614,,22,370,0,31 2 32 8,0,33,,23,370,0,31 2 32 8,0,75,,24,370,0,31 2 32 8,0,36,,25,370,0,31 2 32 8,0,67,,26,370,0,31 2 32 8,0,31,,27,370,0,31 2 32 8,0,83,,28,370,0,31 2 32 8,0
201,'Semaine-01',1614,,43,350,0,33 2 34 35 8,0,34,,44,350,0,33 2 34 35 8,0,75,,45,350,0,33 2 34 35 8,0,30,,48,280,0,33 2 34 35 8,0,63,,50,280,0,33 2 34 35 8,0,22,,49,280,0,33 2 34 35 8,0,73,,47,330,0,33 2 34 35 8,0,25,,46,330,0,33 2 34 35 8,0
201,'Semaine-03',1614,,51,350,0,33 2 34 35 8,0,34,,52,350,0,33 2 34 35 8,0,75,,53,350,0,33 2 34 35 8,0,30,,56,280,0,33 2 34 35 8,0,63,,58,280,0,33 2 34 35 8,0,22,,57,280,0,33 2 34 35 8,0,73,,55,330,0,33 2 34 35 8,0,25,,54,330,0,33 2 34 35 8,0
701,'Semaine-01',650,,280,130,,,0,94,,281,130,,,0,63,,276,130,,,0,17,,272,130,,,0,29,,287,130,,,0,66,,273,130,,,0,25,,282,130,,,0,65,,274,130,,,0,126,,265,140,,,0,84,,283,140,,,0,38,,266,140,,,0,84,,284,140,,,0,81,,267,140,,,0,85,,285,140,,,0,37,,268,140,,,0,72,,279,130,,,0,14,,288,130,,,0,20,,286,130,,,0,60,,275,140,,,0,40,,277,130,,,0,73,,271,140,,,0,84,,278,140,,,0,30,,269,140,,,0,122,,270,140,,,0
701,'Semaine-03',650,,304,130,,,0,94,,305,130,,,0,63,,300,130,,,0,17,,296,130,,,0,29,,311,130,,,0,66,,297,130,,,0,25,,306,130,,,0,65,,298,130,,,0,126,,289,140,,,0,84,,307,140,,,0,38,,290,140,,,0,84,,308,140,,,0,81,,291,140,,,0,85,,309,140,,,0,37,,292,140,,,0,72,,303,130,,,0,14,,312,130,,,0,20,,310,130,,,0,60,,299,140,,,0,40,,301,130,,,0,73,,295,140,,,0,84,,302,140,,,0,30,,293,140,,,0,122,,294,140,,,0
1001,'Semaine-01',730,,383,70,,,0,125,,388,70,,,0,100,,384,70,,,0,100,,387,70,,,0,552,,385,70,,,0,118,,386,70,,,0
1001,'Semaine-03',730,,389,70,,,0,125,,394,70,,,0,100,,390,70,,,0,100,,393,70,,,0,552,,391,70,,,0,118,,392,70,,,0
1500,'Semaine-01',855,,397,470,,,0,157,,398,470,,,0,123,,399,470,,,0,118,,400,160,,,0,47,,395,470,,,0,122,,401,470,,,0,123,,396,470,,,0,394,,402,470,,,0,161,,403,470,,,0,120,,404,470,,,0,123,,405,470,,,0
1500,'Semaine-03',855,,408,470,,,0,157,,409,470,,,0,123,,410,470,,,0,118,,411,160,,,0,47,,406,470,,,0,122,,412,470,,,0,123,,407,470,,,0,394,,413,470,,,0,161,,414,470,,,0,120,,415,470,,,0,123,,416,470,,,0
11500,'Dimanche-01',748,,818,460,,,0,100,,816,460,,,0,167,,809,460,,,0,133,,810,460,,,0,162,,811,460,,,0,125,,812,460,,,0,175,,813,460,,,0,120,,814,460,,,0,120,,815,460,,,0,165,,819,460,,,0,120,,817,460,,,0
11500,'Samedi-01',648,,829,460,,,0,100,,830,460,,,0,100,,820,460,,,0,167,,821,460,,,0,133,,822,460,,,0,162,,823,460,,,0,125,,824,460,,,0,175,,825,460,,,0,120,,826,460,,,0,120,,827,460,,,0,165,,831,460,,,0,120,,828,460,,,0
