3500,'Semaine-01',615,,502,4,,0,35,,509,4,,0,76,,512,4,,0,31,,530,4,,0,60,,513,4,,0,30,,514,4,,0,73,,515,4,,0,25,,516,4,,0,65,,517,4,,0,39,,503,4,,0,80,,504,4,,0,85,,505,4,,0,40,,506,4,,0,80,,507,4,,0,85,,508,4,,0,31,,519,4,,0,83,,522,4,,0,78,,523,4,,0,40,,524,4,,0,60,,525,4,,0,20,,526,4,,0,80,,527,4,,0,20,,528,4,,0,25,,529,4,,0,74,,520,4,,0,85,,521,4,,0,43,,510,4,,0,164,,511,4,,0
3500,'Semaine-03',615,,1334,4,,0,35,,1341,4,,0,76,,1344,4,,0,31,,1362,4,,0,60,,1345,4,,0,30,,1346,4,,0,73,,1347,4,,0,25,,1348,4,,0,65,,1349,4,,0,39,,1335,4,,0,80,,1336,4,,0,85,,1337,4,,0,40,,1338,4,,0,80,,1339,4,,0,85,,1340,4,,0,31,,1351,4,,0,83,,1354,4,,0,78,,1355,4,,0,40,,1356,4,,0,60,,1357,4,,0,20,,1358,4,,0,80,,1359,4,,0,20,,1360,4,,0,25,,1361,4,,0,74,,1352,4,,0,85,,1353,4,,0,43,,1342,4,,0,164,,1343,4,,0
4400,'Semaine-01',726,,644,4,,0,96,,645,4,,0,786,,646,4,,0,46,,647,4,,0,91,,648,4,,0
4400,'Semaine-03',726,,1422,4,,0,96,,1423,4,,0,786,,1424,4,,0,46,,1425,4,,0,91,,1426,4,,0
4500,'Semaine-01',905,,654,4,,0,41,,655,4,,0
4500,'Semaine-03',905,,1432,4,,0,41,,1433,4,,0
4501,'Semaine-01',1512,,656,4,,0,31,,657,4,,0
4501,'Semaine-03',1512,,1434,4,,0,31,,1435,4,,0
33500,'Dimanche-01',844,,832,4,,0,160,,833,4,,0,140,,827,4,,0,160,,828,4,,0,149,,825,4,,0,151,,829,4,,0,120,,830,4,,0,129,,826,4,,0,156,,831,4,,0,123,,834,4,,0
33500,'Samedi-01',844,,850,4,,0,160,,851,4,,0,140,,852,4,,0,160,,853,4,,0,149,,847,4,,0,151,,854,4,,0,120,,855,4,,0,129,,848,4,,0,156,,856,4,,0,123,,849,4,,0,114,,857,4,,0
