100,'Fête-2-01',530,,1080,180,0,31 2 32 7,0,26,,1078,330,0,31 2 32 7,0,74,,1079,330,0,31 2 32 7,0,26,,1074,330,0,31 2 32 7,0,74,,1075,330,0,31 2 32 7,0,26,,1076,330,0,31 2 32 7,0,74,,1077,330,0,31 2 32 7,0
100,'Semaine-03',530,,14,180,0,31 2 32 7,0,26,,12,330,0,31 2 32 7,0,74,,13,330,0,31 2 32 7,0,26,,8,330,0,31 2 32 7,0,74,,9,330,0,31 2 32 7,0,26,,10,330,0,31 2 32 7,0,74,,11,330,0,31 2 32 7,0
701,'Fête-2-01',802,,1207,80,,,0,46,,1210,80,,,0,66,,1204,80,,,0,90,,1205,80,,,0,126,,1197,90,,,0,122,,1198,90,,,0,84,,1208,90,,,0,81,,1199,90,,,0,85,,1209,90,,,0,37,,1200,90,,,0,86,,1211,80,,,0,80,,1206,90,,,0,113,,1203,90,,,0,114,,1201,90,,,0,122,,1202,90,,,0
701,'Semaine-03',646,,304,80,,,0,94,,305,80,,,0,62,,300,80,,,0,17,,296,80,,,0,29,,311,80,,,0,66,,297,80,,,0,25,,306,80,,,0,65,,298,80,,,0,126,,289,90,,,0,84,,307,90,,,0,38,,290,90,,,0,84,,308,90,,,0,81,,291,90,,,0,85,,309,90,,,0,37,,292,90,,,0,72,,303,80,,,0,14,,312,80,,,0,20,,310,80,,,0,60,,299,90,,,0,40,,301,80,,,0,73,,295,90,,,0,84,,302,90,,,0,30,,293,90,,,0,122,,294,90,,,0
1001,'Fête-2-01',725,,1245,20,,,0,225,,1246,20,,,0,652,,1247,20,,,0,118,,1248,20,,,0
1001,'Semaine-03',725,,389,20,,,0,125,,394,20,,,0,100,,390,20,,,0,100,,393,20,,,0,552,,391,20,,,0,118,,392,20,,,0
100004001,'Dimanche-01',1022,,986,30,4,,0,125,,987,30,4,,0,465,,988,30,4,,0,120,,989,30,4,,0,120,,990,30,4,,0,160,,991,30,4,,0
100004001,'Fête-1-01',817,,1517,30,4,,0,205,,1518,30,4,,0,125,,1519,30,4,,0,165,,1520,30,4,,0,300,,1521,30,4,,0,120,,1522,30,4,,0,120,,1523,30,4,,0,160,,1524,30,4,,0
100004001,'Fête-2-01',648,,1535,30,4,,0,55,,1544,30,4,,0,30,,1554,30,4,,0,20,,1558,30,4,,0,65,,1559,30,4,,0,10,,1560,30,4,,0,25,,1561,30,4,,0,65,,1525,30,4,,0,20,,1526,30,4,,0,75,,1527,30,4,,0,20,,1528,30,4,,0,20,,1529,30,4,,0,80,,1530,30,4,,0,80,,1531,30,4,,0,44,,1532,30,4,,0,80,,1533,30,4,,0,80,,1534,30,4,,0,40,,1536,30,4,,0,85,,1537,30,4,,0,15,,1538,30,4,,0,60,,1539,30,4,,0,30,,1540,30,4,,0,60,,1541,30,4,,0,20,,1542,30,4,,0,25,,1543,30,4,,0,75,,1545,30,4,,0,15,,1546,30,4,,0,15,,1547,30,4,,0,50,,1548,30,4,,0,30,,1549,30,4,,0,75,,1550,30,4,,0,45,,1551,30,4,,0,80,,1552,30,4,,0,80,,1553,30,4,,0,40,,1555,30,4,,0,80,,1556,30,4,,0,71,,1557,30,4,,0
100004001,'Samedi-01',817,,992,30,4,,0,205,,993,30,4,,0,125,,994,30,4,,0,165,,995,30,4,,0,300,,996,30,4,,0,120,,997,30,4,,0,120,,998,30,4,,0,160,,999,30,4,,0
100004001,'Semaine-03',648,,1047,30,4,,0,55,,1056,30,4,,0,30,,1066,30,4,,0,20,,1070,30,4,,0,65,,1071,30,4,,0,10,,1072,30,4,,0,25,,1073,30,4,,0,65,,1037,30,4,,0,20,,1038,30,4,,0,75,,1039,30,4,,0,20,,1040,30,4,,0,20,,1041,30,4,,0,80,,1042,30,4,,0,80,,1043,30,4,,0,44,,1044,30,4,,0,80,,1045,30,4,,0,80,,1046,30,4,,0,40,,1048,30,4,,0,85,,1049,30,4,,0,15,,1050,30,4,,0,60,,1051,30,4,,0,30,,1052,30,4,,0,60,,1053,30,4,,0,20,,1054,30,4,,0,25,,1055,30,4,,0,75,,1057,30,4,,0,15,,1058,30,4,,0,15,,1059,30,4,,0,50,,1060,30,4,,0,30,,1061,30,4,,0,75,,1062,30,4,,0,45,,1063,30,4,,0,80,,1064,30,4,,0,80,,1065,30,4,,0,40,,1067,30,4,,0,80,,1068,30,4,,0,71,,1069,30,4,,0
