3500,'Fête-2-01',611,,1301,320,,,0,110,,1310,320,,,0,30,,1324,320,,,0,90,,1311,320,,,0,75,,1312,320,,,0,90,,1313,320,,,0,39,,1302,320,,,0,80,,1303,320,,,0,85,,1304,320,,,0,40,,1305,320,,,0,80,,1306,320,,,0,85,,1307,320,,,0,31,,1315,260,,,0,83,,1318,260,,,0,78,,1319,260,,,0,40,,1320,260,,,0,80,,1321,260,,,0,80,,1322,260,,,0,45,,1323,260,,,0,74,,1316,260,,,0,85,,1317,260,,,0,43,,1308,320,,,0,164,,1309,320,,,0,126,,1314,320,4,,0
3500,'Semaine-03',611,,530,320,,,0,34,,537,320,,,0,76,,540,320,,,0,30,,558,320,,,0,60,,541,320,,,0,30,,542,320,,,0,75,,543,320,,,0,25,,544,320,,,0,65,,545,320,,,0,39,,531,320,,,0,80,,532,320,,,0,85,,533,320,,,0,40,,534,320,,,0,80,,535,320,,,0,85,,536,320,,,0,31,,547,260,,,0,83,,550,260,,,0,78,,551,260,,,0,40,,552,260,,,0,60,,553,260,,,0,20,,554,260,,,0,80,,555,260,,,0,20,,556,260,,,0,25,,557,260,,,0,74,,548,260,,,0,85,,549,260,,,0,43,,538,320,,,0,164,,539,320,,,0,126,,546,320,4,,0
4300,'Fête-2-01',1630,,1369,410,0,12 2 13 8,0,75,,1370,410,0,12 2 13 8,0,36,,1373,410,0,12 2 13 8,0,100,,1371,410,0,12 2 13 8,0,83,,1372,410,0,12 2 13 8,0
4300,'Semaine-03',1630,,662,410,0,12 2 13 8,0,75,,663,410,0,12 2 13 8,0,36,,666,410,0,12 2 13 8,0,100,,664,410,0,12 2 13 8,0,83,,665,410,0,12 2 13 8,0
4301,'Fête-2-01',542,,1378,290,0,12 2 13 7,0,76,,1375,410,0,12 2 13 7,0,32,,1374,410,0,12 2 13 7,0,74,,1376,410,0,12 2 13 7,0,78,,1377,410,0,12 2 13 7,0
4301,'Semaine-03',542,,676,290,0,12 2 13 7,0,76,,673,410,0,12 2 13 7,0,32,,672,410,0,12 2 13 7,0,74,,674,410,0,12 2 13 7,0,78,,675,410,0,12 2 13 7,0
4500,'Semaine-03',901,,699,250,,,0,40,,700,250,,,0
33500,'Dimanche-01',840,,862,320,,,0,160,,863,320,,,0,140,,857,320,,,0,160,,858,320,,,0,148,,855,330,,,0,152,,859,320,,,0,120,,860,320,,,0,128,,856,330,,,0,157,,861,320,,,0,122,,864,330,0,16,0
33500,'Fête-1-01',840,,1451,320,,,0,160,,1452,320,,,0,140,,1453,320,,,0,160,,1454,320,,,0,148,,1448,330,,,0,152,,1455,320,,,0,120,,1456,320,,,0,128,,1449,330,,,0,157,,1457,320,,,0,122,,1450,330,,,0,115,,1458,320,,,0,108,,1459,320,4,,0
33500,'Samedi-01',840,,868,320,,,0,160,,869,320,,,0,140,,870,320,,,0,160,,871,320,,,0,148,,865,330,,,0,152,,872,320,,,0,120,,873,320,,,0,128,,866,330,,,0,157,,874,320,,,0,122,,867,330,,,0,115,,875,320,,,0,108,,876,320,4,,0
