100,1201061,1,0
100,1201405,2,0
100,1201289,3,0
100,1204204,4,0
100,1201344,5,0
100,1202549,6,0
100,1203279,7,0
100,1203280,8,0
100,1203281,9,0
100,1203277,10,0
100,1203282,11,0
100,1202283,12,0
100,1202284,13,0
100,1202286,14,0
100,1201131,15,0
100,1201132,16,0
100,1201133,17,0
100,1204122,18,0
100,1204123,19,0
100,1204124,20,0
100,1204216,21,0
100,1204309,22,0
100,1204308,23,0
100,1204044,24,0
100,1201127,25,0
100,1203066,26,0
100,1203045,27,0
100,1204135,28,0
100,1204048,29,0
100,1202312,30,0
100,1204051,31,0
100,1202204,32,0
100,1203289,33,0
100,1203405,34,1
101,1201061,1,0
101,1201405,2,0
101,1201289,3,0
101,1204204,4,0
101,1201344,5,0
101,1201051,6,0
101,1202312,7,0
101,1202048,8,0
101,1203135,9,0
101,1201045,10,0
101,1201066,11,0
101,1201127,12,0
101,1203044,13,0
101,1203308,14,0
101,1202309,15,0
101,1203216,16,0
101,1201124,17,0
101,1202170,18,0
101,1202122,19,0
101,1202133,20,0
101,1203132,21,0
101,1203131,22,0
101,1203286,23,0
101,1201284,24,0
101,1204283,25,0
101,1204282,26,0
101,1201277,27,0
101,1201281,28,0
101,1201280,29,0
101,1201279,30,0
101,1204549,31,0
101,1202204,32,0
101,1203289,33,0
101,1203405,34,1
200,1201061,1,0
200,1201405,2,0
200,1201289,3,0
200,1204204,4,0
200,1203129,5,0
200,1203083,6,0
200,1204073,7,0
200,1204300,8,0
200,1204276,9,0
200,1204571,10,0
200,1201029,11,0
200,1201572,12,0
200,1202229,13,0
200,1201227,14,0
200,1204224,15,0
200,1204223,16,0
200,1201574,17,0
200,1204576,18,0
200,1201578,19,0
200,1202580,20,0
200,1203222,21,0
200,1203027,22,0
200,1204584,23,0
200,1203585,24,0
200,1203024,25,0
200,1202220,26,0
200,1204029,27,0
200,1203177,28,0
200,1202176,29,0
200,1203052,30,0
200,1203493,31,0
200,1202130,32,0
200,1203063,33,1
201,1201061,1,0
201,1204063,2,0
201,1204130,3,0
201,1204129,4,0
201,1203083,5,0
201,1204073,6,0
201,1204300,7,0
201,1204276,8,0
201,1204571,9,0
201,1201029,10,0
201,1201572,11,0
201,1202229,12,0
201,1201227,13,0
201,1204224,14,0
201,1204223,15,0
201,1201574,16,0
201,1204576,17,0
201,1201578,18,0
201,1202580,19,0
201,1203222,20,0
201,1203027,21,0
201,1204584,22,0
201,1203585,23,0
201,1203024,24,0
201,1202220,25,0
201,1204029,26,0
201,1203177,27,0
201,1202176,28,0
201,1203052,29,0
201,1203493,30,0
201,1202204,31,0
201,1203289,32,0
201,1203405,33,1
300,1201008,1,0
300,1201553,2,0
300,1203106,3,0
300,1203007,4,0
300,1202332,5,0
300,1203331,6,0
300,1203006,7,0
300,1202002,8,0
300,1203240,9,0
300,1203005,10,0
300,1204001,11,0
300,1203003,12,0
300,1203239,13,0
300,1202555,14,0
300,1203556,15,0
300,1202324,16,0
300,1201325,17,0
300,1201326,18,0
300,1202557,19,0
300,1201558,20,0
300,1204559,21,0
300,1204003,22,0
300,1201001,23,0
300,1201006,24,0
300,1201007,25,0
300,1201106,26,0
300,1204554,27,1
301,1201008,1,0
301,1201553,2,0
301,1203106,3,0
301,1203007,4,0
301,1203006,5,0
301,1203001,6,0
301,1203003,7,0
301,1203239,8,0
301,1202555,9,0
301,1203556,10,0
301,1202324,11,0
301,1201325,12,0
301,1201326,13,0
301,1202557,14,0
301,1201558,15,0
301,1204559,16,0
301,1204003,17,0
301,1201001,18,0
301,1202005,19,0
301,1201240,20,0
301,1201002,21,0
301,1204006,22,0
301,1202331,23,0
301,1201332,24,0
301,1204007,25,0
301,1201106,26,0
301,1204554,27,1
400,1204189,1,0
400,1204086,2,0
400,1204085,3,0
400,1204084,4,0
400,1203188,5,0
400,1201096,6,0
400,1204093,7,0
400,1203186,8,0
400,1201454,9,0
400,1202250,10,0
400,1202251,11,0
400,1201421,12,0
400,1201423,13,0
400,1201257,14,0
400,1201189,15,0
400,1202087,16,0
400,1201088,17,0
400,1201057,18,0
400,1202258,19,0
400,1202058,20,0
400,1203259,21,0
400,1202261,22,0
400,1201262,23,0
400,1202091,24,0
400,1202059,25,0
400,1202264,26,0
400,1202060,27,0
400,1202063,28,0
400,1201061,29,1
401,1201061,1,0
401,1201063,2,0
401,1201060,3,0
401,1204264,4,0
401,1204059,5,0
401,1204091,6,0
401,1203262,7,0
401,1203261,8,0
401,1201259,9,0
401,1201058,10,0
401,1204058,11,0
401,1204258,12,0
401,1204057,13,0
401,1203088,14,0
401,1203087,15,0
401,1204189,16,1
500,1201061,1,0
500,1201063,2,0
500,1201059,3,0
500,1201074,4,0
500,1204075,5,0
500,1204089,6,0
500,1204056,7,0
500,1201073,8,0
500,1201300,9,0
500,1201276,10,0
500,1204275,11,0
500,1202274,12,0
500,1201586,13,0
500,1201591,14,0
500,1201588,15,0
500,1202412,16,0
500,1203411,17,0
500,1203410,18,0
500,1202409,19,0
500,1203275,20,0
500,1203274,21,0
500,1204273,22,0
500,1203056,23,0
500,1204057,24,0
500,1204271,25,0
500,1204270,26,0
500,1204112,27,0
500,1203269,28,0
500,1201116,29,0
500,1204117,30,0
500,1204118,31,0
500,1201119,32,0
500,1201120,33,0
500,1204036,34,0
500,1201008,35,1
501,1201008,1,0
501,1202036,2,0
501,1202120,3,0
501,1203119,4,0
501,1203118,5,0
501,1202117,6,0
501,1202116,7,0
501,1202269,8,0
501,1202112,9,0
501,1202270,10,0
501,1202271,11,0
501,1202057,12,0
501,1201056,13,0
501,1201273,14,0
501,1202274,15,0
501,1201275,16,0
501,1202276,17,0
501,1203300,18,0
501,1202073,19,0
501,1201586,20,0
501,1201591,21,0
501,1201588,22,0
501,1202412,23,0
501,1203411,24,0
501,1203410,25,0
501,1202409,26,0
501,1203275,27,0
501,1203274,28,0
501,1204273,29,0
501,1203056,30,0
501,1202089,31,0
501,1202075,32,0
501,1203074,33,0
501,1203059,34,0
501,1202063,35,0
501,1201061,36,1
600,1201061,1,0
600,1203290,2,0
600,1203561,3,0
600,1204428,4,0
600,1204430,5,0
600,1204431,6,0
600,1204432,7,0
600,1203433,8,0
600,1204434,9,0
600,1201436,10,0
600,1204570,11,0
600,1203438,12,0
600,1204440,13,0
600,1201441,14,0
600,1202254,15,0
600,1201255,16,0
600,1202256,17,0
600,1201257,18,0
600,1201189,19,0
600,1202443,20,0
600,1202445,21,0
600,1202453,22,0
600,1202447,23,0
600,1202448,24,0
600,1203449,25,0
600,1203450,26,0
600,1203242,27,0
600,1203243,28,0
600,1204246,29,0
600,1204265,30,0
600,1204247,31,0
600,1201567,32,0
600,1201568,33,0
600,1201427,34,0
600,1202214,35,1
601,1201061,1,0
601,1203214,2,0
601,1204427,3,0
601,1201568,4,0
601,1201567,5,0
601,1201247,6,0
601,1202265,7,0
601,1202246,8,0
601,1202243,9,0
601,1202242,10,0
601,1201450,11,0
601,1201449,12,0
601,1201448,13,0
601,1204447,14,0
601,1204453,15,0
601,1201445,16,0
601,1203443,17,0
601,1204189,18,0
601,1203257,19,0
601,1203256,20,0
601,1204255,21,0
601,1203254,22,0
601,1203441,23,0
601,1203440,24,0
601,1201438,25,0
601,1202570,26,0
601,1202436,27,0
601,1202434,28,0
601,1202433,29,0
601,1202432,30,0
601,1202431,31,0
601,1202430,32,0
601,1201428,33,0
601,1201562,34,0
601,1201214,35,1
700,1201061,1,0
700,1201063,2,0
700,1202405,3,0
700,1201289,4,0
700,1204204,5,0
700,1201344,6,0
700,1201051,7,0
700,1204456,8,0
700,1202462,9,0
700,1204458,10,0
700,1201459,11,0
700,1202467,12,0
700,803082,13,0
700,804092,14,0
700,504001,15,1
701,502001,1,0
701,804092,2,0
701,801096,3,0
701,1202460,4,0
701,1202458,5,0
701,1202462,6,0
701,1202456,7,0
701,1202051,8,0
701,1202204,9,0
701,1203289,10,0
701,1203405,11,0
701,1201061,12,1
800,1201008,1,0
800,1204070,2,0
800,1203067,3,0
800,1201238,4,0
800,1201237,5,0
800,1201236,6,0
800,1201234,7,0
800,1201105,8,0
800,1201233,9,0
800,1201232,10,0
800,1201196,11,0
800,1201212,12,0
800,1201019,13,0
800,1201018,14,0
800,1201017,15,1
801,1201008,1,0
801,1202017,2,0
801,1203018,3,0
801,1203019,4,0
801,1203212,5,0
801,1203196,6,0
801,1204232,7,0
801,1203233,8,0
801,1203105,9,0
801,1203234,10,0
801,1204236,11,0
801,1203237,12,0
801,1203238,13,0
801,1203067,14,0
801,1202070,15,1
900,1201332,1,0
900,1201609,2,0
900,1204609,3,0
900,1202608,4,0
900,1202607,5,0
900,1202603,6,0
900,1202601,7,0
900,1202600,8,0
900,1202597,9,0
900,1202596,10,0
900,1202595,11,0
900,1202594,12,0
900,1201429,13,0
900,1201428,14,0
900,1201562,15,0
900,1201214,16,0
900,1201061,17,1
901,1201061,1,0
901,1203290,2,0
901,1203561,3,0
901,1204428,4,0
901,1203429,5,0
901,1204594,6,0
901,1204595,7,0
901,1204596,8,0
901,1204597,9,0
901,1204600,10,0
901,1204601,11,0
901,1204603,12,0
901,1204607,13,0
901,1204608,14,0
901,1204609,15,0
901,1203332,16,0
901,1204007,17,0
901,1201106,18,0
901,1201554,19,0
901,1203106,20,0
901,1203007,21,0
901,1201332,22,1
1500,1201008,1,0
1500,1203179,2,0
1500,1203335,3,0
1500,1204019,4,0
1500,1203212,5,0
1500,1203196,6,0
1500,1204232,7,0
1500,1203233,8,0
1500,1203105,9,0
1500,1203234,10,0
1500,1204236,11,0
1500,1203237,12,0
1500,1203238,13,0
1500,1203067,14,0
1500,1202070,15,0
1500,1201613,16,0
1500,1201004,17,0
1500,1201239,18,0
1500,1201003,19,0
1500,1201001,20,0
1500,1201006,21,0
1500,1201007,22,0
1500,1201106,23,0
1500,1204553,24,0
1500,1202140,25,0
1500,1202036,26,0
1500,1202120,27,0
1500,1203119,28,0
1500,1203118,29,0
1500,1202117,30,0
1500,1202116,31,0
1500,1202269,32,0
1500,1202112,33,0
1500,1202270,34,0
1500,1202271,35,0
1500,1202057,36,0
1500,1201056,37,0
1500,1201586,38,0
1500,1202409,39,0
1500,1202614,40,0
1500,1204571,41,0
1500,1202110,42,0
1500,1203052,43,0
1500,1203493,44,0
1500,1203128,45,0
1500,1202204,46,0
1500,1203289,47,0
1500,1203405,48,0
1500,1201061,49,1
1501,1201061,1,0
1501,1203214,2,0
1501,1201403,3,0
1501,1201405,4,0
1501,1201289,5,0
1501,1204204,6,0
1501,1201493,7,0
1501,1201052,8,0
1501,1204110,9,0
1501,1203292,10,0
1501,1204614,11,0
1501,1204409,12,0
1501,1203586,13,0
1501,1203056,14,0
1501,1203057,15,0
1501,1204271,16,0
1501,1204270,17,0
1501,1204112,18,0
1501,1203269,19,0
1501,1201116,20,0
1501,1204117,21,0
1501,1204118,22,0
1501,1201119,23,0
1501,1201120,24,0
1501,1204036,25,0
1501,1204137,26,0
1501,1203106,27,0
1501,1203007,28,0
1501,1203006,29,0
1501,1203001,30,0
1501,1203003,31,0
1501,1203239,32,0
1501,1203004,33,0
1501,1203613,34,0
1501,1204070,35,0
1501,1203067,36,0
1501,1201238,37,0
1501,1201237,38,0
1501,1201236,39,0
1501,1201234,40,0
1501,1201105,41,0
1501,1201233,42,0
1501,1201232,43,0
1501,1201196,44,0
1501,1201212,45,0
1501,1201019,46,0
1501,1201335,47,0
1501,1201615,48,0
1501,1201008,49,1
2100,1201061,1,0
2100,1203214,2,0
2100,1203561,3,0
2100,1201485,4,0
2100,1202560,5,0
2100,1202151,6,0
2100,1202149,7,0
2100,1202146,8,0
2100,1202167,9,0
2100,1101001,10,0
2100,201001,11,0
2100,201003,12,0
2100,201004,13,0
2100,201005,14,0
2100,201006,15,0
2100,201007,16,0
2100,203010,17,0
2100,204011,18,0
2100,204012,19,0
2100,204014,20,0
2100,204015,21,0
2100,201016,22,0
2100,201017,23,0
2100,204020,24,0
2100,203022,25,0
2100,202024,26,0
2100,202025,27,0
2100,203027,28,0
2100,203028,29,0
2100,1204145,30,0
2100,1204146,31,0
2100,1204149,32,0
2100,1204152,33,0
2100,1204560,34,0
2100,1203486,35,0
2100,1201562,36,0
2100,1201214,37,1
3100,602029,1,0
3100,603035,2,0
3100,603157,3,0
3100,601028,4,0
3100,603041,5,0
3100,601042,6,0
3100,602043,7,0
3100,601037,8,0
3100,601044,9,0
3100,603098,10,0
3100,604097,11,0
3100,601096,12,0
3100,602060,13,0
3100,602118,14,0
3100,602176,15,0
3100,603009,16,0
3100,602010,17,0
3100,601011,18,0
3100,601014,19,0
3100,601080,20,0
3100,601015,21,0
3100,604016,22,0
3100,604017,23,0
3100,601018,24,0
3100,601019,25,0
3100,601031,26,0
3100,607020,27,0
3100,602023,28,0
3100,601025,29,0
3100,604171,30,0
3100,601032,31,0
3100,601158,32,0
3100,601029,33,1
3101,601028,1,0
3101,603035,2,0
3101,603157,3,0
3101,602171,4,0
3101,602025,5,0
3101,605023,6,0
3101,604020,7,0
3101,603031,8,0
3101,603019,9,0
3101,603018,10,0
3101,603017,11,0
3101,602016,12,0
3101,608015,13,0
3101,603080,14,0
3101,603014,15,0
3101,603011,16,0
3101,603010,17,0
3101,604009,18,0
3101,601176,19,0
3101,604118,20,0
3101,604060,21,0
3101,603096,22,0
3101,602097,23,0
3101,602098,24,0
3101,603044,25,0
3101,602037,26,0
3101,603043,27,0
3101,604042,28,0
3101,603041,29,0
3101,601032,30,0
3101,601158,31,1
3300,601028,1,0
3300,605029,2,0
3300,604182,3,0
3300,604123,4,0
3300,603125,5,0
3300,602061,6,0
3300,602181,7,0
3300,602063,8,0
3300,602126,9,0
3300,602047,10,0
3300,603177,11,0
3300,603186,12,0
3300,601002,13,0
3300,601001,14,0
3300,602050,15,0
3300,601053,16,0
3300,601173,17,0
3300,604086,18,0
3300,601127,19,0
3300,604068,20,0
3300,603066,21,0
3300,604133,22,0
3300,604137,23,0
3300,603138,24,0
3300,604141,25,0
3300,601145,26,0
3300,601072,27,0
3300,602071,28,0
3300,603070,29,0
3300,601074,30,0
3300,602182,31,0
3300,602029,32,1
3301,601028,1,0
3301,605029,2,0
3301,604182,3,0
3301,603074,4,0
3301,604070,5,0
3301,604071,6,0
3301,604072,7,0
3301,603145,8,0
3301,602141,9,0
3301,602138,10,0
3301,601137,11,0
3301,602133,12,0
3301,601066,13,0
3301,601068,14,0
3301,602127,15,0
3301,602086,16,0
3301,602173,17,0
3301,603053,18,0
3301,603050,19,0
3301,604001,20,0
3301,603002,21,0
3301,602186,22,0
3301,604177,23,0
3301,601047,24,0
3301,604126,25,0
3301,604063,26,0
3301,604181,27,0
3301,604061,28,0
3301,601125,29,0
3301,601123,30,0
3301,602182,31,0
3301,602029,32,1
3500,1201008,1,0
3500,603035,2,0
3500,602167,3,0
3500,602169,4,0
3500,603025,5,0
3500,602171,6,0
3500,603175,7,0
3500,603031,8,0
3500,603019,9,0
3500,603018,10,0
3500,603007,11,0
3500,603176,12,0
3500,604118,13,0
3500,601060,14,0
3500,601177,15,0
3500,601047,16,0
3500,602050,17,0
3500,601053,18,0
3500,601173,19,0
3500,604087,20,0
3500,604066,21,0
3500,603047,22,0
3500,604126,23,0
3500,604063,24,0
3500,604181,25,0
3500,604061,26,0
3500,601125,27,0
3500,601123,28,0
3500,304073,29,0
3500,301021,30,0
3500,301108,31,0
3500,301040,32,0
3500,301046,33,0
3500,804014,34,1
3501,802014,1,0
3501,303046,2,0
3501,303040,3,0
3501,303108,4,0
3501,303021,5,0
3501,302073,6,0
3501,602123,7,0
3501,603125,8,0
3501,603061,9,0
3501,602181,10,0
3501,602063,11,0
3501,602126,12,0
3501,602047,13,0
3501,601066,14,0
3501,602087,15,0
3501,602173,16,0
3501,603053,17,0
3501,603050,18,0
3501,604047,19,0
3501,603177,20,0
3501,603060,21,0
3501,602118,22,0
3501,603176,23,0
3501,601007,24,0
3501,601018,25,0
3501,601019,26,0
3501,601031,27,0
3501,601020,28,0
3501,602171,29,0
3501,602025,30,0
3501,601169,31,0
3501,604167,32,0
3501,601158,33,0
3501,1201008,34,1
4000,1201061,1,0
4000,1001017,2,0
4000,1001008,3,1
4001,1003008,1,0
4001,1003017,2,0
4001,1201061,3,1
4100,301019,1,0
4100,304042,2,0
4100,304016,3,0
4100,304066,4,0
4100,404017,5,0
4100,404035,6,0
4100,306068,7,0
4100,302085,8,0
4100,301083,9,0
4100,301082,10,0
4100,304012,11,0
4100,304010,12,0
4100,303022,13,0
4100,303104,14,0
4100,404015,15,0
4100,404014,16,0
4100,401027,17,0
4100,404025,18,0
4100,404024,19,0
4100,401023,20,0
4100,401022,21,0
4100,401137,22,0
4100,403089,23,0
4100,402092,24,0
4100,404093,25,0
4100,403077,26,0
4100,402078,27,0
4100,403079,28,0
4100,402063,29,0
4100,402014,30,0
4100,402015,31,0
4100,302008,32,0
4100,302068,33,0
4100,302014,34,0
4100,402017,35,0
4100,302015,36,0
4100,302016,37,0
4100,302042,38,1
4101,301019,1,0
4101,304042,2,0
4101,304016,3,0
4101,304066,4,0
4101,404017,5,0
4101,404035,6,0
4101,304068,7,0
4101,304008,8,0
4101,404015,9,0
4101,404014,10,0
4101,404063,11,0
4101,404079,12,0
4101,401078,13,0
4101,401077,14,0
4101,401093,15,0
4101,401092,16,0
4101,401089,17,0
4101,403137,18,0
4101,403022,19,0
4101,403023,20,0
4101,403024,21,0
4101,402025,22,0
4101,403027,23,0
4101,402014,24,0
4101,402015,25,0
4101,301104,26,0
4101,301022,27,0
4101,307010,28,0
4101,302012,29,0
4101,302082,30,0
4101,303083,31,0
4101,304085,32,0
4101,303068,33,0
4101,302014,34,0
4101,402017,35,0
4101,302015,36,0
4101,302016,37,0
4101,302042,38,1
4200,301019,1,0
4200,301021,2,0
4200,301108,3,0
4200,304109,4,0
4200,304110,5,0
4200,304089,6,0
4200,304031,7,0
4200,304030,8,0
4200,301029,9,0
4200,304028,10,0
4200,304027,11,0
4200,304023,12,0
4200,304025,13,0
4200,404032,14,0
4200,404031,15,0
4200,404030,16,0
4200,403029,17,0
4200,403028,18,0
4200,402086,19,0
4200,403085,20,0
4200,302008,21,0
4200,403138,22,0
4200,602064,23,0
4200,602061,24,0
4200,601123,25,0
4200,301071,26,0
4200,301072,27,0
4200,301016,28,0
4200,302042,29,1
4201,301019,1,0
4201,304042,2,0
4201,304016,3,0
4201,304072,4,0
4201,302071,5,0
4201,602123,6,0
4201,603061,7,0
4201,604064,8,0
4201,401138,9,0
4201,304008,10,0
4201,401085,11,0
4201,401086,12,0
4201,404028,13,0
4201,401029,14,0
4201,401030,15,0
4201,402031,16,0
4201,402032,17,0
4201,302025,18,0
4201,302023,19,0
4201,302027,20,0
4201,302028,21,0
4201,302029,22,0
4201,303030,23,0
4201,302031,24,0
4201,301089,25,0
4201,303110,26,0
4201,302109,27,0
4201,302108,28,0
4201,303021,29,0
4201,302042,30,1
4300,302019,1,0
4300,305098,2,0
4300,303046,3,0
4300,303047,4,0
4300,301099,5,0
4300,301097,6,0
4300,301105,7,0
4300,303093,8,0
4300,303048,9,0
4300,304049,10,0
4300,303037,11,0
4300,304061,12,0
4300,304051,13,0
4300,304053,14,0
4300,303055,15,0
4300,304056,16,0
4300,304058,17,0
4300,301059,18,0
4300,404036,19,0
4300,404037,20,0
4300,404139,21,0
4300,403140,22,0
4300,403141,23,0
4300,403143,24,0
4300,404083,25,0
4300,404094,26,0
4300,401096,27,0
4300,401097,28,0
4300,401098,29,0
4300,407039,30,0
4300,402038,31,0
4300,402139,32,0
4300,402037,33,0
4300,402099,34,0
4300,302059,35,0
4300,302053,36,0
4300,302051,37,0
4300,302061,38,0
4300,302037,39,0
4300,302039,40,0
4300,301046,41,0
4300,307098,42,1
4301,301019,1,0
4301,305098,2,0
4301,303046,3,0
4301,304039,4,0
4301,304037,5,0
4301,304061,6,0
4301,304051,7,0
4301,304053,8,0
4301,304059,9,0
4301,404036,10,0
4301,404037,11,0
4301,404139,12,0
4301,404038,13,0
4301,404039,14,0
4301,403098,15,0
4301,403097,16,0
4301,403096,17,0
4301,403094,18,0
4301,402083,19,0
4301,401143,20,0
4301,401141,21,0
4301,401140,22,0
4301,401139,23,0
4301,402037,24,0
4301,402099,25,0
4301,302059,26,0
4301,303058,27,0
4301,302056,28,0
4301,302055,29,0
4301,301053,30,0
4301,302051,31,0
4301,302061,32,0
4301,302037,33,0
4301,301049,34,0
4301,302048,35,0
4301,302093,36,0
4301,303105,37,0
4301,302097,38,0
4301,303099,39,0
4301,303047,40,0
4301,301046,41,0
4301,307098,42,0
4301,302019,43,1
4400,601028,1,0
4400,302019,2,0
4400,803015,3,0
4400,804010,4,0
4400,804014,5,0
4400,804092,6,1
4401,804092,1,0
4401,802014,2,0
4401,802007,3,0
4401,302019,4,0
4401,601028,5,1
4600,302019,1,0
4600,404008,2,0
4600,404041,3,0
4600,404046,4,0
4600,404044,5,0
4600,404109,6,0
4600,404047,7,0
4600,404049,8,0
4600,404102,9,0
4600,401103,10,0
4600,401104,11,0
4600,402105,12,0
4600,402106,13,0
4600,403107,14,0
4600,404108,15,0
4600,402049,16,0
4600,402047,17,0
4600,402109,18,0
4600,402044,19,0
4600,402046,20,0
4600,402041,21,0
4600,402008,22,0
4600,402063,23,0
4600,402012,24,0
4600,302008,25,0
4600,302068,26,0
4600,402017,27,0
4600,302015,28,0
4600,302016,29,0
4600,302042,30,1
4601,302019,1,0
4601,304042,2,0
4601,304016,3,0
4601,304066,4,0
4601,404017,5,0
4601,304068,6,0
4601,304008,7,0
4601,404012,8,0
4601,404063,9,0
4601,401008,10,0
4601,404041,11,0
4601,404046,12,0
4601,404044,13,0
4601,404109,14,0
4601,404047,15,0
4601,404049,16,0
4601,404102,17,0
4601,401103,18,0
4601,401104,19,0
4601,402105,20,0
4601,402106,21,0
4601,403107,22,0
4601,404108,23,0
4601,402049,24,0
4601,402047,25,0
4601,402109,26,0
4601,402044,27,0
4601,402046,28,0
4601,402041,29,0
4601,402008,30,1
4700,404131,1,0
4700,404125,2,0
4700,404130,3,0
4700,404129,4,0
4700,404128,5,0
4700,404123,6,0
4700,404124,7,0
4700,404127,8,0
4700,404009,9,0
4700,404006,10,0
4700,404004,11,0
4700,404002,12,0
4700,404001,13,0
4700,404122,14,0
4700,404126,15,0
4700,404121,16,0
4700,404120,17,0
4700,401119,18,0
4700,401118,19,0
4700,401117,20,0
4700,401075,21,0
4700,401116,22,0
4700,401115,23,0
4700,401052,24,0
4700,401054,25,0
4700,401111,26,0
4700,401056,27,0
4700,401057,28,0
4700,401134,29,0
4700,401049,30,1
4701,403049,1,0
4701,403134,2,0
4701,403057,3,0
4701,403056,4,0
4701,403111,5,0
4701,403054,6,0
4701,403052,7,0
4701,403115,8,0
4701,403116,9,0
4701,403075,10,0
4701,403117,11,0
4701,403118,12,0
4701,402119,13,0
4701,402120,14,0
4701,402121,15,0
4701,402126,16,0
4701,402122,17,0
4701,402001,18,0
4701,402002,19,0
4701,402004,20,0
4701,402006,21,0
4701,402009,22,0
4701,402127,23,0
4701,402124,24,0
4701,402123,25,0
4701,402128,26,0
4701,402129,27,0
4701,402130,28,0
4701,402125,29,0
4701,402131,30,1
5100,1201061,1,0
5100,1203214,2,0
5100,1203561,3,0
5100,1101072,4,0
5100,1104004,5,0
5100,1104006,6,0
5100,1104009,7,0
5100,1104011,8,0
5100,1104012,9,0
5100,1104013,10,0
5100,1104014,11,0
5100,1104016,12,0
5100,1104020,13,0
5100,1104073,14,0
5100,1103021,15,0
5100,1103079,16,0
5100,1103023,17,0
5100,1103025,18,0
5100,1103031,19,0
5100,1103032,20,0
5100,1103033,21,0
5100,1103037,22,0
5100,1103039,23,0
5100,1104043,24,0
5100,1104044,25,0
5100,1104045,26,0
5100,1104046,27,0
5100,1104047,28,0
5100,1104048,29,0
5100,1104049,30,0
5100,1105052,31,0
5100,1104053,32,0
5100,1103054,33,0
5100,1103055,34,0
5100,1102056,35,0
5100,1102057,36,0
5100,1103059,37,0
5100,1103060,38,0
5100,1103061,39,0
5100,1104062,40,0
5100,1103063,41,0
5100,1104064,42,0
5100,1104066,43,0
5100,1104067,44,0
5100,1103068,45,0
5100,1103069,46,0
5100,1201562,47,0
5100,1201214,48,1
5101,1201061,1,0
5101,1203214,2,0
5101,1203561,3,0
5101,1106069,4,0
5101,1101068,5,0
5101,1107067,6,0
5101,1102066,7,0
5101,1101064,8,0
5101,1102063,9,0
5101,1101062,10,0
5101,1102061,11,0
5101,1101060,12,0
5101,1101059,13,0
5101,1104057,14,0
5101,1104056,15,0
5101,1104055,16,0
5101,1101054,17,0
5101,1101053,18,0
5101,1102052,19,0
5101,1102050,20,0
5101,1102048,21,0
5101,1102047,22,0
5101,1102046,23,0
5101,1102045,24,0
5101,1102044,25,0
5101,1102043,26,0
5101,1102039,27,0
5101,1101037,28,0
5101,1101033,29,0
5101,1101032,30,0
5101,1101031,31,0
5101,1101025,32,0
5101,1101023,33,0
5101,1101079,34,0
5101,1101096,35,0
5101,1101073,36,0
5101,1102020,37,0
5101,1102016,38,0
5101,1102014,39,0
5101,1102100,40,0
5101,1102012,41,0
5101,1102011,42,0
5101,1102009,43,0
5101,1102008,44,0
5101,1102004,45,0
5101,1103072,46,0
5101,1201562,47,0
5101,1201214,48,1
6100,1201061,1,0
6100,1203214,2,0
6100,1203561,3,0
6100,1101001,4,0
6100,1202483,5,0
6100,1202473,6,0
6100,1202472,7,0
6100,1202484,8,0
6100,1202470,9,0
6100,703017,10,0
6100,704047,11,0
6100,704045,12,0
6100,704044,13,0
6100,702033,14,0
6100,702037,15,0
6100,702039,16,0
6100,704040,17,0
6100,704041,18,0
6100,701043,19,0
6100,703031,20,0
6100,703030,21,0
6100,704029,22,0
6100,703001,23,0
6100,701027,24,0
6100,701024,25,0
6100,704023,26,0
6100,704020,27,0
6100,703004,28,0
6100,704019,29,0
6100,701017,30,0
6100,1204470,31,0
6100,1204471,32,0
6100,1204472,33,0
6100,1204473,34,0
6100,1204474,35,0
6100,1104001,36,0
6100,1201562,37,0
6100,1201214,38,1
6101,1201061,1,0
6101,1203214,2,0
6101,1203561,3,0
6101,1101001,4,0
6101,1202483,5,0
6101,1202473,6,0
6101,1202472,7,0
6101,1202484,8,0
6101,1202470,9,0
6101,703017,10,0
6101,702019,11,0
6101,702004,12,0
6101,701020,13,0
6101,702023,14,0
6101,702024,15,0
6101,703027,16,0
6101,703001,17,0
6101,702029,18,0
6101,702030,19,0
6101,701031,20,0
6101,702033,21,0
6101,702037,22,0
6101,702039,23,0
6101,704040,24,0
6101,704041,25,0
6101,701043,26,0
6101,701044,27,0
6101,702045,28,0
6101,702047,29,0
6101,701017,30,0
6101,1204470,31,0
6101,1204471,32,0
6101,1204472,33,0
6101,1204473,34,0
6101,1204474,35,0
6101,1104001,36,0
6101,1201562,37,0
6101,1201214,38,1
9100,1201061,1,0
9100,1201008,2,0
9100,602029,3,0
9100,302019,4,0
9100,904012,5,0
9100,103001,6,0
9100,502001,7,1
9101,1201061,1,0
9101,504001,2,0
9101,101001,3,0
9101,902012,4,0
9101,302019,5,0
9101,602029,6,0
9101,1201008,7,1
